******************************************************

TrainError:
0.0856719 0.0852897 0.0880931 0.0867005 0.0869438 0.0873317 0.086516 0.0864602 0.0871603 0.0874341 0.0872728 0.0848729 0.08732 0.0856994 0.0879564 0.0860268 0.0863609 0.0877994 0.0874906 0.0854637 0.0866534 0.08663 0.0846355 0.0883186 0.0867727 0.0860775 0.0867064 0.0872243 0.088758 0.087293 0.0875372 0.08523 0.0871552 0.0873346 0.0872634 0.0875264 0.0872246 0.0880159 0.0865992 0.087096 0.0857938 0.0854779 0.0870862 0.087067 0.087085 0.0850526 0.0865901 0.0870608 0.0871399 0.0868858 
******************************************************
******************************************************

TrainError:
0.0857711 0.0858431 0.0859353 0.0858688 0.0867165 0.0859206 0.087427 0.085371 0.0868126 0.0863515 0.0858696 0.0870589 0.0866828 0.0857677 0.0863514 0.0855646 0.0864202 0.0854321 0.0870117 0.0866291 0.0864265 0.0866337 0.0863379 0.0859915 0.0867859 0.0857839 0.0867744 0.0864975 0.0855079 0.0873937 0.0867733 0.086515 0.086545 0.0857272 0.0862252 0.0856776 0.0869962 0.0860521 0.0873267 0.0850411 0.0881547 0.0857776 0.0856577 0.0860781 0.0869205 0.0866503 0.0867666 0.0867659 0.0868607 0.0852724 
******************************************************
******************************************************

TrainError:
0.0841381 0.085636 0.0863164 0.0861107 0.0857973 0.0858925 0.0858491 0.0862268 0.085832 0.0861115 0.0861165 0.0852264 0.0857938 0.0858099 0.086118 0.0863791 0.085808 0.0864807 0.0863314 0.0855088 0.0860291 0.0856449 0.0852718 0.0855497 0.0859478 0.0857716 0.0865213 0.0861222 0.0861225 0.0861649 0.0857859 0.0858497 0.0858023 0.0853514 0.0866377 0.0854756 0.085468 0.085947 0.0859097 0.0853668 0.0859358 0.0866965 0.0858059 0.0866025 0.0858609 0.0851709 0.0859589 0.0860662 0.0845637 0.0859598 0.0860441 0.0861934 0.0856321 0.0855304 0.0862121 0.0864239 0.0863588 0.0862008 0.0857317 0.0858879 0.0855935 0.0857739 0.086214 0.0858099 0.0857381 0.0852443 0.086383 0.0861949 0.0856861 0.0855826 0.0861987 0.0852155 0.0859918 0.0858328 0.0857605 0.0855939 0.0856459 0.0853945 0.0848803 0.0857175 0.0857963 0.0859023 0.0861323 0.0864975 0.0853962 0.0855283 0.0855119 0.085589 0.085621 0.0849433 0.0859454 0.0859917 0.0859188 0.0854625 0.0858111 0.086364 0.0860242 0.0863014 0.0858656 0.0856939 
******************************************************
******************************************************

TrainError:
0.0839574 0.0836832 0.0849654 0.0852329 0.0855332 0.0849279 0.0847452 0.0850485 0.0833721 0.0849045 0.0862824 0.0856652 0.0836511 0.0845416 0.0868496 0.0859652 0.0847488 0.0857878 0.0879482 0.0857949 0.0867995 0.0866062 0.0865606 0.0854746 0.0857439 0.0840436 0.0840448 0.0847268 0.0857342 0.0846627 0.0856836 0.0844291 0.0859117 0.085854 0.0843083 0.0835681 0.0846977 0.0838481 0.0855558 0.0850844 0.0851511 0.0855805 0.0856074 0.0844279 0.0842437 0.0849617 0.084619 0.0854121 0.0869239 0.0854489 0.0885168 0.0853689 0.0839725 0.0872934 0.0838329 0.0847996 0.0888292 0.0852597 0.0863318 0.0846929 0.0864594 0.08333 0.085668 0.0829298 0.0838564 0.0849271 0.0838882 0.0831451 0.0851965 0.0863488 0.0819532 0.0844083 0.0861049 0.087568 0.0868188 0.086634 0.0855698 0.0847436 0.085643 0.0828874 0.0843949 0.0853109 0.0831257 0.0857921 0.0877981 0.0834503 0.0870248 0.0847132 0.0847996 0.0865212 0.0855427 0.0837878 0.0862957 0.084161 0.085399 0.0857971 0.0870228 0.0839467 0.0851339 0.0850203 
******************************************************
******************************************************

TrainError:
0.0833188 0.0862517 0.084948 0.0860662 0.0851454 0.0843092 0.0841917 0.0861129 0.0841539 0.0852277 0.084084 0.0857552 0.0839351 0.0862771 0.0847995 0.0853586 0.0836852 0.0869809 0.0840218 0.0849969 0.0851341 0.0847185 0.0874331 0.0831542 0.0840392 0.0844114 0.0833709 0.0860644 0.0861217 0.0854174 0.0841799 0.0873982 0.0861244 0.0845057 0.084051 0.0861183 0.0855973 0.0861718 0.0841479 0.0832699 0.0844182 0.0819846 0.0850936 0.087028 0.08605 0.0834593 0.0849362 0.0828453 0.0845574 0.087044 0.0846971 0.0850497 0.0863651 0.0850308 0.0840328 0.0833836 0.0841005 0.0851264 0.0838392 0.0853421 0.0844636 0.0867545 0.0852837 0.0839356 0.0868564 0.0864924 0.0847417 0.0830534 0.0848731 0.0854169 0.0846439 0.0852693 0.0842104 0.0849755 0.0847457 0.083279 0.0856555 0.0866506 0.0849907 0.0859344 0.0851238 0.0834326 0.084281 0.0869103 0.0839318 0.0856046 0.0864862 0.086242 0.083851 0.0843592 0.0827221 0.0864926 0.08473 0.0844409 0.0841934 0.0846209 0.0853488 0.0843308 0.0862283 0.0850923 
******************************************************
******************************************************

TrainError:
0.0867775 0.086589 0.0878521 0.0873173 0.0830046 0.0853385 0.0848463 0.0862508 0.0863343 0.0877765 0.0847461 0.0860262 0.08665 0.0883121 0.0897451 0.0859508 0.0860538 0.088926 0.0876202 0.0865519 0.0834338 0.085817 0.0864654 0.0888275 0.0864084 0.0858994 0.0860145 0.0851306 0.0836168 0.0872676 0.0872922 0.0887144 0.0873747 0.0895043 0.0868621 0.0878611 0.0858593 0.0859516 0.0859886 0.0865735 0.0846409 0.0856781 0.0863555 0.0872125 0.08743 0.085099 0.0884505 0.0864681 0.0874946 0.0860809 0.0875184 0.0834645 0.0868072 0.0885024 0.086941 0.0854641 0.0863273 0.0851951 0.0872308 0.0880225 0.0876046 0.0861817 0.0868147 0.0879677 0.0872846 0.0851334 0.0848801 0.08728 0.087959 0.0890103 0.0867254 0.0875257 0.0862877 0.0884356 0.086595 0.0873985 0.0865333 0.0866297 0.0885994 0.0851441 0.0834368 0.0850527 0.0855966 0.0865617 0.0882443 0.0864355 0.0860066 0.0852617 0.0896133 0.087037 0.0851282 0.086032 0.0868483 0.0887164 0.0863675 0.0868329 0.0850898 0.0886509 0.0879546 0.0866431 
******************************************************
******************************************************

TrainError:
0.0837878 0.081028 0.0852052 0.085269 0.0843074 0.083326 0.0834687 0.0836193 0.0854947 0.0851707 0.0839652 0.0824087 0.0847312 0.0856672 0.0848902 0.0841716 0.0836655 0.0849755 0.0855196 0.0841088 0.0843005 0.0835793 0.0831564 0.0830562 0.0839758 0.0839038 0.0837082 0.0840727 0.0848909 0.0828646 0.0836382 0.0852876 0.084744 0.0859127 0.0836628 0.0850784 0.0830318 0.0844075 0.0846265 0.0849732 0.0845576 0.0849935 0.0829673 0.0845684 0.0857365 0.0852927 0.0846657 0.0838803 0.0833388 0.0838543 0.0854105 0.0846653 0.0837666 0.0848215 0.083901 0.0836635 0.084341 0.0852084 0.0828664 0.0854814 0.0848069 0.0846445 0.0850044 0.085288 0.0844934 0.0843547 0.0845279 0.0854915 0.0845646 0.085494 0.0847297 0.0848609 0.0854864 0.084585 0.0846257 0.085101 0.0846086 0.0840197 0.0841297 0.0837417 0.0851745 0.0840839 0.0848803 0.084338 0.0843729 0.084332 0.0844224 0.0846149 0.0851844 0.0841416 0.0854748 0.08551 0.0849618 0.0847021 0.0842751 0.0853209 0.0840667 0.0839509 0.0844076 0.0845507 
******************************************************
******************************************************

TrainError:
0.0828491 0.0839863 0.0851548 0.0833474 0.0843249 0.083947 0.083655 0.083871 0.0836996 0.0852172 0.0847331 0.0843618 0.0852915 0.0847243 0.0831406 0.0848713 0.0845465 0.084832 0.0828789 0.0843008 0.0850453 0.0851334 0.0849904 0.084031 0.0847119 0.084629 0.0848651 0.0834198 0.0840463 0.0853327 0.08368 0.08412 0.0850925 0.085219 0.0849398 0.0842895 0.0851083 0.0838811 0.0840251 0.0849181 0.0859089 0.0846238 0.0849898 0.0841506 0.0844091 0.0849287 0.0839652 0.0848098 0.0843675 0.0846412 0.0850044 0.0844144 0.08383 0.0850006 0.0819041 0.0845573 0.0836813 0.0835618 0.0850949 0.0849182 0.084473 0.084274 0.0848377 0.0845122 0.0846018 0.0839809 0.0853864 0.0840147 0.0839428 0.0851098 0.084906 0.0845313 0.0846516 0.0838353 0.0848799 0.0844993 0.0836925 0.0834266 0.0838522 0.0849419 0.0854571 0.0845284 0.0845755 0.085222 0.0848628 0.0851634 0.084696 0.084868 0.0846972 0.083805 0.0847794 0.084166 0.0841896 0.0837767 0.0839343 0.0842288 0.084719 0.0843373 0.0841404 0.084922 
******************************************************
******************************************************

TrainError:
0.0838773 0.0838492 0.0837132 0.0818843 0.0836688 0.084476 0.0853362 0.0850358 0.0835636 0.0840079 0.0842479 0.0846135 0.0849623 0.086004 0.0845261 0.0860052 0.0843154 0.0845255 0.0846533 0.0842415 0.0843041 0.0838606 0.0838715 0.0839484 0.0855668 0.0854517 0.083306 0.083167 0.0849078 0.0847536 0.0853648 0.0865392 0.0852646 0.0838769 0.0849227 0.0855063 0.084592 0.0846265 0.0827427 0.0842476 0.0843719 0.0841897 0.0831672 0.0854047 0.0848457 0.0840034 0.0851216 0.0855304 0.0852165 0.0852406 0.0849883 0.0840885 0.084281 0.08358 0.0839588 0.0855302 0.0851567 0.0858291 0.083749 0.0819908 0.0846726 0.0850901 0.0849297 0.0852274 0.0847849 0.0841809 0.0848326 0.0846173 0.0853542 0.0843957 0.0835495 0.0839823 0.0847394 0.0841879 0.0837462 0.0848931 0.0855858 0.0846351 0.0846687 0.0833252 0.085623 0.0848967 0.0847024 0.083416 0.083031 0.0855308 0.0850333 0.0865912 0.0847745 0.0847845 0.0850148 0.0853484 0.0852855 0.08498 0.0851077 0.0845747 0.0837371 0.0848986 0.0856572 0.0837253 
******************************************************
******************************************************

TrainError:
0.0828665 0.0847722 0.0848 0.0838501 0.0844267 0.083416 0.0850056 0.0851438 0.0840913 0.0838952 0.0855022 0.083996 0.0849038 0.0849879 0.084938 0.0856137 0.0832166 0.0842562 0.084999 0.0856192 0.0849906 0.0846401 0.0845889 0.0852922 0.0846425 0.0849326 0.0851603 0.0844424 0.0839731 0.0845861 0.0841688 0.0839646 0.0847065 0.0849513 0.0846497 0.0850377 0.0818564 0.0852218 0.0846304 0.0844172 0.0840382 0.0851433 0.0844152 0.0848413 0.0850984 0.0844328 0.0844011 0.0845775 0.0834246 0.0846365 0.0842555 0.0847985 0.0847594 0.0851101 0.0851693 0.0852821 0.08479 0.0839546 0.084223 0.0843841 0.0851336 0.0851072 0.0839773 0.0837068 0.0842132 0.0841591 0.0852017 0.0849466 0.0848956 0.0837978 0.0852896 0.0839799 0.0848267 0.0844161 0.0846958 0.0838975 0.0829316 0.0856045 0.0849594 0.0851375 0.0848347 0.0841577 0.0848285 0.0842714 0.0862334 0.084423 0.0841051 0.0833596 0.0839825 0.0854651 0.0847764 0.0824489 0.0860955 0.0851043 0.0843731 0.0834825 0.0850891 0.083874 0.0851724 0.0846967 
******************************************************
******************************************************

TrainError:
0.0832699 0.0843117 0.0844962 0.0843817 0.0850655 0.0839383 0.0845282 0.083512 0.0846682 0.0837143 0.0843224 0.0847773 0.0846057 0.0840442 0.0842629 0.0851137 0.0842152 0.0853148 0.0841146 0.0834574 0.0856074 0.0850286 0.0842088 0.0837103 0.0847685 0.0841268 0.083972 0.0840095 0.0841652 0.0819788 0.0842718 0.0852504 0.0830079 0.0849991 0.0842434 0.0843422 0.0828982 0.0842283 0.0851263 0.0849931 0.0846284 0.0841856 0.0846648 0.0842613 0.0840777 0.0831832 0.0844739 0.0834337 0.0840415 0.0841376 0.0848816 0.0849799 0.0850844 0.0851792 0.085523 0.0841847 0.0850803 0.0853069 0.0845625 0.0827904 0.0843216 0.0849231 0.0838025 0.0852216 0.0836515 0.0853711 0.0844026 0.0836544 0.0855598 0.0842665 0.0849041 0.082749 0.0851239 0.084561 0.0854794 0.0829261 0.0830776 0.0853416 0.0846392 0.0831241 0.0830104 0.082674 0.0849107 0.084272 0.0827674 0.0846387 0.084894 0.0838566 0.0844009 0.0839781 0.0847305 0.0852033 0.084926 0.0842092 0.084812 0.0837541 0.0838723 0.0846 0.0836852 0.0841005 
******************************************************
******************************************************

TrainError:
0.0842719 
******************************************************
******************************************************

TrainError:
0.0826776 
******************************************************
******************************************************

TrainError:
0.0838697 
******************************************************
******************************************************

TrainError:
0.083267 
******************************************************
******************************************************

TrainError:
0.0833169 
******************************************************
******************************************************

TrainError:
0.0828127 
******************************************************
******************************************************

TrainError:
0.0838835 
******************************************************
******************************************************

TrainError:
0.0832827 
******************************************************
******************************************************

TrainError:
0.0821518 
******************************************************
******************************************************

TrainError:
0.084306 
******************************************************
******************************************************

TrainError:
0.0829459 
******************************************************
******************************************************

TrainError:
0.0830271 
******************************************************
******************************************************

TrainError:
0.0825116 
******************************************************
******************************************************

TrainError:
0.083185 
******************************************************
******************************************************

TrainError:
0.0830802 
******************************************************
******************************************************

TrainError:
0.0830549 
******************************************************
******************************************************

TrainError:
0.0827525 
******************************************************
******************************************************

TrainError:
0.0840025 
******************************************************
******************************************************

TrainError:
0.083072 
******************************************************
******************************************************

TrainError:
0.08302 
******************************************************
******************************************************

TrainError:
0.0843866 
******************************************************
******************************************************

TrainError:
0.0843045 
******************************************************
******************************************************

TrainError:
0.0833603 
******************************************************
******************************************************

TrainError:
0.0830411 
******************************************************
******************************************************

TrainError:
0.0830676 
******************************************************
******************************************************

TrainError:
0.0828902 
******************************************************
******************************************************

TrainError:
0.0834809 
******************************************************
******************************************************

TrainError:
0.0828324 
******************************************************
******************************************************

TrainError:
0.0832308 
******************************************************
******************************************************

TrainError:
0.0707562 0.0732135 0.070445 0.0705944 0.0692863 0.0709072 0.0728217 0.069076 0.0692593 0.0697492 0.0700171 0.0707885 0.0701552 0.0720365 0.0717441 0.0701948 0.0701397 0.0706925 0.0718283 0.0724624 0.0701882 0.0693801 0.0714718 0.0710821 0.0716685 0.0698249 0.0712018 0.0699515 0.0710638 0.071476 0.0700222 0.0702826 0.0706003 0.07049 0.0710242 0.0697644 0.0717458 0.0705984 0.071254 0.0694738 0.0710688 0.0709288 0.0708229 0.0718041 0.0705554 0.0700429 0.0714152 0.0715681 0.0700155 0.0727545 0.0694067 0.0701387 0.0716284 0.0696351 0.0714046 0.072446 0.0714307 0.0687827 0.0717763 0.0705049 0.0727532 0.0706356 0.0717691 0.071908 0.0707769 0.0712999 0.0719155 0.0695802 0.071982 0.0712534 0.0716416 0.0689311 0.0706783 0.0717032 0.0711365 0.0721115 0.0707281 0.0683056 0.0719269 0.072967 0.0727112 0.0709082 0.072356 0.0706195 0.0721614 0.071184 0.0716639 0.0690264 0.0685259 0.0717519 0.0731926 0.0719402 0.0716716 0.0712729 0.0706925 0.068827 0.0705706 0.0722295 0.0724958 0.0704486 
******************************************************
******************************************************

TrainError:
0.0714575 0.0769226 0.0725524 0.0737021 0.0742394 0.0735813 0.0740287 0.0695309 0.0731764 0.0794544 0.0739395 0.0741242 0.0757329 0.0719633 0.0735897 0.0756183 0.0756858 0.0749682 0.0750695 0.0724809 0.0792646 0.0768276 0.0741678 0.0697709 0.07328 0.0748247 0.0798379 0.0718052 0.0754636 0.0736201 0.0727617 0.0707345 0.0742687 0.0740061 0.076755 0.0710928 0.0712705 0.0734597 0.0718577 0.0741003 0.0780834 0.076691 0.0721036 0.0724329 0.0751507 0.0767463 0.0741584 0.073369 0.0738574 0.0763981 0.0757728 0.0727622 0.0719922 0.0725897 0.0716864 0.0723244 0.0760748 0.0717973 0.0721546 0.0731322 0.0724736 0.0724025 0.0744211 0.0727703 0.0760939 0.0739987 0.0744887 0.0737074 0.0716987 0.0726742 0.0733937 0.0765628 0.0795388 0.0756117 0.0748768 0.0767094 0.0750612 0.0772204 0.0703404 0.0744959 0.0745157 0.0748582 0.0728117 0.0722755 0.072699 0.0739755 0.0727165 0.0752174 0.0777096 0.0737061 0.0717715 0.0777225 0.0741109 0.0758828 0.073918 0.0750707 0.0768797 0.0753738 0.074514 0.0690266 
******************************************************
