******************************************************

trainingErrorofBestEpoch
2.67057e-05 
0.00199734 
-0.00152765 
0.00752574 
0.000979692 
-0.0429686 
-0.022328 
0.00053139 
-0.000867221 
-0.0270755 
0.00850021 
0.0113962 
0.0102357 
-0.0166054 
-0.0215957 
0.00711244 
-0.0125494 
0.0048841 
0.0112525 
-0.00416783 
0.0261333 
-0.0208253 
-0.0093551 
-0.00754883 
0.0579465 
0.045277 
-0.0204571 
0.30207 
-0.046986 
-0.0290845 
-0.00646557 
-0.0167966 
-0.0133459 
0.0296238 
-0.0214552 
-0.0487476 
0.155262 
-0.0376709 
-0.0547381 
-0.0297335 
-0.0501397 
0.00666817 
0.355007 
-0.0469251 
-0.00342026 
-0.0484539 
-0.0269463 
-0.0339339 
-0.042756 
-0.0339187 
0.219155 
-0.0385634 
-0.0234927 
-0.0455451 
-0.0296914 
-0.011521 
0.395609 
-0.0403758 
-0.0564514 
-0.0533238 
-0.0554988 
-0.0504667 
0.00184454 
0.012294 
0.035825 
-0.020666 
-0.0299656 
-0.0341385 
-0.0474508 
-0.0439817 
-0.0340924 
-0.0328206 
-0.0428939 
-0.0224715 
0.232843 
0.0142226 
-0.032817 
-0.0482644 
-0.014133 
-0.0435712 
-0.0367792 
0.222369 
-0.0234942 
-0.0473748 
0.0282984 
-0.0506684 
0.1032 
-0.0543181 
0.0134481 
-0.0519894 
-0.0470401 
-0.00359678 
0.00778552 
0.0323268 
0.00421971 
-0.0340891 
-0.0228307 
-0.0333739 
-0.0284806 
-0.0412953 
0.308794 
-0.0529939 
-0.041927 
-0.0173289 
-0.0280953 
-0.0488559 
-0.0189143 
-0.0191411 
-0.0190135 
-0.0370481 
-0.00568164 
-0.0464035 
0.202809 
-0.00629551 
-0.0146923 
0.0271901 
-0.0475265 
-0.0425007 
-0.0298353 
-0.0400759 
-0.0395152 
-0.0319832 
0.088034 
-0.0192384 
0.228326 
0.0154296 
-0.0323946 
-0.0224107 
0.0209032 
-0.0513373 
0.0109713 
-0.0383447 
-0.0488825 
-0.0139658 
-0.0396021 
-0.0190511 
-0.0448478 
0.0112753 
-0.0427206 
-0.034361 
-0.0256877 
-0.0380873 
0.206518 
-0.0408242 
-0.00651647 
0.368925 
0.158709 
-0.0656682 
-0.050138 
-0.0449686 
-0.0449257 
-0.0638886 
-0.0516277 
-0.0551951 
-0.0106837 
-0.0321653 
0.239332 
-0.0200842 
0.166898 
-0.0395424 
-0.0567614 
0.0314001 
-0.0493893 
-0.0423473 
-0.0453996 
0.00343993 
-0.023924 
0.0377514 
-0.0332827 
-0.0507125 
0.0117834 
-0.0293927 
-0.0436353 
-0.0357397 
-0.046413 
0.00657542 
-0.0300139 
0.213052 
-0.0614796 
-0.0401529 
-0.0474408 
-0.038476 
-0.042497 
-0.0328258 
0.216933 
-0.0513645 
-0.0217738 
-0.0185346 
-0.0459501 
0.111119 
-0.0417761 
-0.0051437 
-0.0352799 
-0.0461702 
0.00705282 
-0.0520372 
0.0289562 
-0.0473083 
-0.0419705 
-0.0227811 
-0.0353927 
-0.0268761 
-0.0435828 
-0.011532 
-0.0319133 
-0.0335158 
0.0128953 
-0.0124236 
-0.0433031 
0.0648724 
-0.00840503 
-0.00882142 
-0.0354676 
0.00380599 
-0.034508 
-0.0258599 
0.00606752 
-0.0352231 
0.0447683 
-0.0309385 
-0.011589 
-0.0281267 
-0.029732 
-0.0322809 
-0.029356 
0.103139 
-0.00525969 
-0.0136955 
0.025533 
-0.0349209 
-0.0150856 
-0.0391039 
0.310949 
0.00592296 
-0.0219607 
-0.0460219 
-0.03539 
-0.0264727 
-0.023639 
0.0183537 
0.0211652 
-0.03512 
-0.0287103 
-0.03096 
-0.0207836 
0.238522 
-0.0339169 
-0.0135235 
-0.0236305 
-0.024595 
-0.0246223 
-0.00603454 
-0.0196972 
0.0147035 
-0.0113292 
-0.011754 
0.0138077 
0.0188105 
-0.0355468 
0.208282 
-0.013399 
-0.0220507 
-0.0143833 
0.0196476 
0.0383303 
-0.0491746 
0.071404 
-0.0168506 
-0.0132599 
-0.0107878 
0.0830672 
-0.0243921 
-0.0352872 
0.109673 
0.00109348 
0.0165646 
-0.0145832 
-0.0664871 
-0.0311553 
-0.0215847 
-0.0170108 
-0.0602247 
0.186219 
0.0774788 
-0.016685 
-6.66322e-05 
-0.027702 
0.0036452 
-0.0227414 
-0.0241205 
0.256565 
-0.0245961 
-0.0148964 
-0.021542 
-0.0402153 
-0.0368807 
-0.0195215 
0.479164 
-0.0486915 
-0.0362175 
0.00844634 
-0.0541134 
-0.023144 
-0.0235309 
-0.0322012 
0.0493584 
-0.035108 
-0.0100566 
-0.0549633 
0.0993464 
-0.0198249 
0.00572971 
-0.0469127 
-0.0500666 
-0.0397773 
-0.0229028 
-0.00784386 
-0.0398736 
-0.0359098 
-0.0398689 
-0.0364255 
-0.0226931 
-0.0553067 
-0.0145649 
-0.0467266 
-0.0500764 
-0.0420385 
-0.0400124 
-0.0247267 
-0.0121043 
-0.00644727 
-0.0139524 
-0.0216153 
-0.0305352 
-0.0273913 
0.292128 
0.0566072 
-0.035873 
-0.0238508 
0.00365442 
0.0389378 
-0.00580444 
0.0133263 
-0.0393052 
-0.0334781 
0.0084052 
0.263406 
-0.0329778 
-0.0230956 
-0.00394547 
-0.00605589 
0.0430615 
-0.0557574 
-0.03346 
-0.0112253 
-0.034826 
0.00731513 
0.213771 
0.0731806 
0.0315592 
0.298804 
-0.0299925 
0.00617015 
0.0258878 
-0.0222127 
-0.0196921 
0.0410085 
-0.0207052 
-0.00147432 
0.0500194 
-0.00572949 
-0.012221 
-0.00511496 
-0.0418731 
0.301865 
-0.00948409 
0.112869 
0.029858 
-0.00590274 
-0.040529 
-0.0266764 
-0.0308814 
-0.0340058 
-0.0143211 
0.030166 
0.215961 
0.0489053 
0.0393495 
-0.0655369 
-0.0376751 
0.00899516 
-0.00363444 
-0.0691429 
0.226155 
-0.0471731 
-0.00887401 
-0.00430473 
-0.0517377 
-0.0012386 
-0.0604107 
0.453633 
-0.00665109 
-0.0540359 
-0.0155397 
-0.0617756 
-0.0465873 
-0.050669 
-0.0591514 
-0.00891697 
-0.0289519 
-0.00915628 
******************************************************

trainingErrorofBestEpoch
2.7507e-05 
0.00112729 
-0.00372696 
0.00304415 
0.00260573 
-0.0533721 
-0.00937556 
-0.0113303 
0.000491788 
-0.00571277 
0.0146477 
0.0225333 
0.0056843 
-0.0137959 
-0.00295512 
0.0116752 
-0.0175603 
0.00426232 
-0.00241525 
-0.0133573 
0.01361 
-0.0152342 
-0.00827989 
-0.0165278 
0.0608909 
0.0502329 
-0.0365485 
0.310024 
-0.0384045 
-0.034336 
-0.00140326 
-0.0354592 
-0.00975327 
0.0375112 
-0.0305141 
-0.0410073 
0.160461 
-0.0433793 
-0.0436349 
-0.0293538 
-0.0480178 
0.0106853 
0.345401 
-0.0494517 
-0.015361 
-0.0604074 
-0.0364231 
-0.0420444 
-0.0527514 
-0.0377396 
0.210743 
-0.0472417 
-0.0285487 
-0.0495234 
-0.0365336 
-0.0162803 
0.388689 
-0.0512023 
-0.0633912 
-0.0581172 
-0.0603176 
-0.0532895 
-0.00355746 
0.00823369 
0.0312343 
-0.0256143 
-0.0357137 
-0.039745 
-0.0538025 
-0.0497377 
-0.0416486 
-0.0387402 
-0.0480833 
-0.0289084 
0.229289 
0.00903331 
-0.0405221 
-0.0484028 
-0.0171286 
-0.0440713 
-0.0419814 
0.21675 
-0.0290425 
-0.0489605 
0.0277076 
-0.0501915 
0.10166 
-0.0519949 
0.000625261 
-0.0533534 
-0.0380343 
0.00275537 
0.000642471 
0.024694 
0.00544225 
-0.0326275 
-0.0259883 
-0.038735 
-0.0295959 
-0.0385892 
0.324404 
-0.0445411 
-0.0353693 
-0.0210046 
-0.0334641 
-0.0478626 
-0.00604238 
-0.0176966 
-0.023728 
-0.0411374 
-0.00268763 
-0.0385103 
0.209915 
-0.00470857 
-0.00998192 
0.0348217 
-0.0442979 
-0.0396033 
-0.0195215 
-0.0352541 
-0.0354244 
-0.0361877 
0.0867166 
-0.0182622 
0.231155 
0.0136116 
-0.0347706 
-0.0230062 
0.0197452 
-0.0552252 
0.0253147 
-0.0356275 
-0.0505261 
-0.0131046 
-0.039535 
-0.0181995 
-0.0394841 
0.00956284 
-0.0441612 
-0.0360869 
-0.0278032 
-0.0392938 
0.20728 
-0.0377868 
-0.00865528 
0.372131 
0.15631 
-0.0673396 
-0.0323492 
-0.0382233 
-0.0494891 
-0.0664627 
-0.0549612 
-0.0453795 
-0.00459865 
-0.027935 
0.233345 
-0.020885 
0.170447 
-0.038457 
-0.0505732 
0.0351504 
-0.0410407 
-0.0512563 
-0.0639894 
-0.0062635 
-0.00722679 
0.0429454 
-0.0357387 
-0.0570352 
0.0113553 
-0.0315503 
-0.0474321 
-0.0479047 
-0.0435474 
0.00599758 
-0.0348698 
0.220495 
-0.0565848 
-0.0374235 
-0.0466957 
-0.0404024 
-0.0398371 
-0.0364666 
0.219672 
-0.0511057 
-0.0155848 
0.000396118 
-0.0480549 
0.103717 
-0.038493 
0.0033948 
-0.0306818 
-0.0387359 
0.00724012 
-0.0491863 
0.0277853 
-0.0471987 
-0.0418236 
-0.0229976 
-0.0365803 
-0.0250532 
-0.0338883 
-0.0188111 
-0.0389451 
-0.027536 
0.0127951 
-0.00778255 
-0.0373936 
0.0856103 
0.0119562 
-0.0127383 
-0.0331948 
0.00597254 
-0.0344324 
-0.0253814 
0.00724925 
-0.0332532 
0.045897 
-0.0312511 
-0.0102129 
-0.0295855 
-0.00914278 
-0.0132961 
-0.0251346 
0.102663 
-0.00367831 
-0.010016 
0.0307136 
-0.0311228 
-0.0137413 
-0.0395639 
0.311068 
0.00741357 
-0.0229723 
-0.0484937 
-0.0366686 
-0.0293686 
-0.0237085 
0.0181083 
0.0267567 
-0.0205304 
-0.0143143 
-0.0301923 
-0.0143813 
0.289155 
0.00984489 
-0.0196611 
-0.0291571 
-0.029873 
-0.0253584 
-0.00932191 
-0.0219572 
0.0133104 
-0.0141226 
-0.0154124 
0.012244 
0.0183573 
-0.00213308 
0.262787 
-0.0231839 
-0.0262607 
-0.0100451 
0.0197788 
0.0577194 
-0.0311208 
0.075929 
-0.023288 
-0.0182163 
-0.0140458 
0.0780174 
-0.03237 
-0.0395503 
0.108861 
-0.0139922 
0.0107082 
-0.0176062 
-0.0375048 
-0.00560986 
-0.0222841 
-0.0147256 
-0.00427185 
0.259811 
0.0660117 
-0.0215368 
-0.00898753 
-0.0280174 
-0.00172162 
-0.0268567 
-0.0295099 
0.25297 
-0.0295853 
-0.0306924 
-0.0309161 
0.0125689 
0.0206721 
-0.0238693 
0.475904 
-0.0326899 
-0.0346327 
0.0182182 
-0.0353499 
-0.0474309 
-0.0463959 
-0.0380621 
0.0482214 
-0.0326255 
-0.0058601 
-0.0547627 
0.0970309 
-0.0102339 
0.0144987 
-0.0417378 
-0.0359297 
-0.0213275 
-0.0304241 
-0.0140902 
0.00369206 
0.00677382 
-0.0349092 
-0.0314876 
-0.00570811 
-0.0283596 
0.0165874 
-0.0618987 
-0.0592142 
-0.0449674 
-0.0346627 
-0.0326263 
-0.0164034 
0.0183727 
0.00642782 
-0.0297534 
-0.0257685 
-0.0231244 
0.319783 
0.0562741 
-0.0130763 
-0.0383048 
0.00512426 
0.020988 
-0.0329427 
0.00582668 
-0.0438427 
-0.0325982 
0.00178062 
0.254628 
-0.0350387 
-0.0320349 
-0.0109164 
-0.02393 
0.0617244 
-0.0412343 
0.00109646 
0.0223753 
-0.026267 
0.00897592 
0.223577 
0.054008 
0.0201435 
0.312314 
-0.043721 
-0.0343816 
-0.00291081 
-0.0392738 
-0.0173249 
0.00800381 
-0.0272501 
-0.0241833 
0.0539481 
-0.00491386 
-0.0284012 
-0.0131734 
-0.0395163 
0.291368 
-0.0233446 
0.10306 
0.013902 
0.0106833 
-0.0393773 
-0.0248313 
-0.0338341 
-0.0338327 
-0.0296761 
0.035772 
0.216764 
0.036243 
0.0231355 
-0.0363898 
-0.0449487 
0.0102702 
-0.0101829 
-0.0535996 
0.221527 
-0.0420035 
-0.0213088 
-0.0066624 
-0.0535306 
-0.00107284 
-0.0604151 
0.455368 
-0.023579 
-0.062316 
-0.0189972 
-0.0522125 
-0.0472881 
-0.0539349 
-0.0621897 
-0.00858237 
-0.0364071 
-0.0120815 
******************************************************

trainingErrorofBestEpoch
2.65855e-05 
0.00261835 
-0.00512767 
0.00190548 
0.0438477 
-0.0370347 
-0.00307166 
-0.000145909 
0.0148983 
0.00651405 
0.0213069 
0.00990633 
-0.00178131 
-0.0157531 
-0.00524548 
0.000687263 
-0.012136 
0.0114745 
-0.00411967 
-0.0152617 
0.018796 
-0.0101589 
0.000662178 
-0.00578699 
0.0706396 
0.0576933 
-0.024782 
0.311585 
-0.0425583 
-0.0371129 
-0.000615797 
-0.0346403 
-0.0134149 
0.0424771 
-0.0255227 
-0.0362635 
0.164002 
-0.0420329 
-0.0421697 
-0.026725 
-0.0438172 
0.0156983 
0.352126 
-0.0428976 
-0.0111423 
-0.0576729 
-0.0359598 
-0.0428331 
-0.0494384 
-0.0393864 
0.212738 
-0.0463936 
-0.0284277 
-0.0487859 
-0.0354703 
-0.0159464 
0.391036 
-0.0498585 
-0.0624622 
-0.0570853 
-0.0605694 
-0.0543933 
-0.0044369 
0.00703532 
0.0312017 
-0.0264404 
-0.0352363 
-0.0388653 
-0.0518183 
-0.0492506 
-0.0393929 
-0.0378359 
-0.0473215 
-0.0272726 
0.230798 
0.010652 
-0.0388652 
-0.0477194 
-0.0166984 
-0.0446209 
-0.0410623 
0.218537 
-0.0287315 
-0.0473324 
0.0289273 
-0.0502211 
0.101715 
-0.0516846 
-0.0081023 
-0.0506867 
-0.0344457 
0.0041438 
-0.00389569 
0.0202323 
0.00232762 
-0.0336802 
-0.027313 
-0.0411856 
-0.030796 
-0.0419049 
0.311828 
-0.0416509 
-0.0333242 
-0.0213275 
-0.0349674 
-0.0471239 
-0.00203263 
-0.0164918 
-0.0267038 
-0.0430005 
0.000757595 
-0.034912 
0.205354 
-0.00667321 
-0.00933818 
0.0374173 
-0.044096 
-0.0444135 
-0.0278394 
-0.0354365 
-0.034578 
-0.0364004 
0.0871498 
-0.0183993 
0.222529 
0.0143452 
-0.035224 
-0.0221492 
0.0194681 
-0.0543068 
0.0187277 
-0.0376507 
-0.0508226 
-0.0154067 
-0.0398164 
-0.0186209 
-0.0423062 
0.00782222 
-0.044887 
-0.0357037 
-0.0283713 
-0.039311 
0.191755 
-0.0375955 
-0.00913925 
0.373681 
0.155332 
-0.0702243 
-0.0348147 
-0.0353302 
-0.0502965 
-0.0710857 
-0.0551227 
-0.0464157 
-0.00844063 
-0.0333234 
0.231371 
-0.0192589 
0.174524 
-0.0345067 
-0.0622217 
0.0379402 
-0.0387772 
-0.0428642 
-0.0661889 
-0.0100654 
-0.011536 
0.0429584 
-0.0351561 
-0.0601548 
0.0129047 
-0.0289718 
-0.0470675 
-0.0468134 
-0.0447189 
0.0100594 
-0.0327486 
0.228337 
-0.0495011 
-0.0331925 
-0.0430715 
-0.0395859 
-0.0375941 
-0.0344754 
0.223139 
-0.0486251 
-0.0212462 
-0.0038305 
-0.0452661 
0.106715 
-0.0442773 
2.15997e-05 
-0.0320164 
-0.0448324 
0.00823763 
-0.0473258 
0.0265108 
-0.0476677 
-0.0416046 
-0.0234408 
-0.0381405 
-0.0240488 
-0.0365391 
-0.0137057 
-0.0321802 
-0.033053 
0.0098908 
-0.00379725 
-0.0345328 
0.0874777 
0.0100989 
-0.0130361 
-0.0346175 
0.00395395 
-0.0354793 
-0.0264738 
0.00629978 
-0.0342843 
0.0452699 
-0.0327985 
-0.0112556 
-0.0295788 
-0.0150883 
-0.0132779 
-0.0272131 
0.10508 
-0.00788884 
-0.01185 
0.0285214 
-0.0317595 
-0.0139566 
-0.0371452 
0.311282 
0.00845382 
-0.0194657 
-0.0501323 
-0.0372533 
-0.0298197 
-0.0262431 
0.0155348 
0.0241434 
-0.0229404 
-0.0205597 
-0.03292 
-0.0150637 
0.281418 
-0.00544428 
-0.0284589 
-0.036937 
-0.0362634 
-0.030564 
-0.0139009 
-0.0281106 
0.00730225 
-0.0170421 
-0.0238402 
0.00434476 
0.00864983 
-0.0120428 
0.270671 
-0.0336978 
-0.0314652 
-0.00963329 
0.0183755 
0.0523432 
-0.0392305 
0.0708972 
-0.039101 
-0.0247442 
-0.0100957 
0.0776336 
-0.0333383 
-0.0382898 
0.110945 
-0.0196538 
0.00512718 
-0.0274671 
-0.027342 
-0.0168688 
-0.0303879 
-0.0255611 
0.00763966 
0.237606 
0.050387 
-0.0379695 
-0.0255349 
-0.0337787 
-0.00446128 
-0.03509 
-0.0376905 
0.248172 
-0.0429631 
-0.0429057 
-0.0330235 
-0.014677 
0.0290168 
-0.0435087 
0.469762 
-0.0246896 
-0.0312459 
0.0118623 
-0.0367443 
-0.0442473 
-0.0475383 
-0.042802 
0.0547037 
-0.0233463 
0.00461074 
-0.0356099 
0.110035 
-0.0120632 
0.0137653 
-0.0454163 
-0.0125336 
-0.0270824 
-0.0429417 
-0.0350736 
-0.00243009 
7.114e-05 
-0.0443141 
-0.0440768 
-0.0151626 
-0.010677 
0.0405012 
-0.0397719 
-0.0278249 
-0.0263966 
-0.0266536 
-0.0419429 
-0.031785 
-0.00206163 
0.000718354 
-0.0392476 
-0.032125 
-0.0132319 
0.320279 
0.0538151 
-0.0178578 
-0.0395283 
0.00361103 
0.0180885 
-0.0285685 
0.00809086 
-0.0441469 
-0.0313849 
-0.000241914 
0.258459 
-0.0338335 
-0.0351528 
-0.0146948 
-0.0360874 
0.0581014 
-0.0484552 
-0.00652997 
0.00315294 
-0.0281277 
0.00845053 
0.20115 
0.00264077 
-0.0188757 
0.270275 
-0.0561666 
-0.0648195 
-0.0280495 
-0.0582051 
-0.0428572 
-0.00430933 
-0.0366493 
-0.0503401 
0.0710973 
0.0022458 
-0.0416174 
-0.0263543 
-0.0438735 
0.316876 
-0.044207 
0.0974786 
-0.00987208 
0.000609298 
-0.0474138 
-0.0252197 
-0.0393713 
-0.0388706 
-0.0389668 
0.0357899 
0.21551 
0.0355443 
0.0169547 
-0.013907 
-0.0280979 
0.00843948 
-0.0327891 
-0.0501445 
0.22994 
-0.0480356 
-0.042313 
-0.00901908 
-0.0459679 
0.000604656 
-0.0555608 
0.465926 
-0.0253197 
-0.0456637 
-0.00755154 
-0.0487925 
-0.0356983 
-0.048027 
-0.0595915 
-0.0143564 
-0.029965 
-0.00542801 
******************************************************

trainingErrorofBestEpoch
2.19104e-05 
0.00130504 
-0.00504922 
0.010401 
0.00269174 
-0.0229471 
-0.00444811 
0.01175 
0.0359891 
-0.00529384 
0.0209467 
0.0164382 
0.00879922 
-0.0240304 
-0.0101979 
0.00754985 
-0.0227642 
0.0119941 
-0.00502486 
-0.0145036 
0.0156374 
-0.0189133 
-0.00603303 
-0.0198901 
0.0583292 
0.0457793 
-0.0305959 
0.301828 
-0.0483546 
-0.0409297 
-0.00799769 
-0.0399251 
-0.0276613 
0.0396631 
-0.0298251 
-0.0434071 
0.160062 
-0.0338978 
-0.0510953 
-0.0217486 
-0.0442341 
0.00936499 
0.337232 
-0.0527312 
-0.0203849 
-0.0665029 
-0.0354254 
-0.0444235 
-0.055245 
-0.0408229 
0.20666 
-0.0503956 
-0.0340041 
-0.0520061 
-0.0380453 
-0.0194283 
0.384188 
-0.0588413 
-0.0651569 
-0.055999 
-0.0625886 
-0.0571793 
-0.00500736 
0.00485653 
0.0271583 
-0.028441 
-0.035926 
-0.0415222 
-0.0513491 
-0.0454866 
-0.0339602 
-0.034964 
-0.0469746 
-0.0239279 
0.227934 
0.00739957 
-0.0387392 
-0.0497167 
-0.0146375 
-0.0459415 
-0.0449461 
0.216448 
-0.0296104 
-0.0499813 
0.0230506 
-0.0513066 
0.102042 
-0.0562351 
-0.00438161 
-0.0514535 
-0.0372254 
0.00165533 
0.00185403 
0.0243777 
0.00126362 
-0.0355103 
-0.0270479 
-0.0397145 
-0.0301717 
-0.0423573 
0.304088 
-0.0335259 
-0.0263383 
-0.0261387 
-0.0405056 
-0.0506712 
0.0139569 
-0.0159184 
-0.0278914 
-0.0449948 
0.011648 
-0.0167057 
0.207409 
-0.00710677 
-0.00686985 
0.045925 
-0.0428927 
-0.0489346 
-0.0321953 
-0.0320529 
-0.0318115 
-0.0400539 
0.0832546 
-0.0189891 
0.233317 
0.0144031 
-0.038682 
-0.0248705 
0.0210659 
-0.0532856 
0.0212362 
-0.0377138 
-0.0488684 
-0.0122638 
-0.0384498 
-0.018202 
-0.038703 
0.0101904 
-0.0441154 
-0.038677 
-0.0299443 
-0.0360203 
0.15563 
-0.0511221 
-0.01756 
0.373085 
0.164991 
-0.0641689 
-0.0294249 
-0.032708 
-0.0462117 
-0.0690237 
-0.0527484 
-0.0466966 
-0.00283394 
-0.0263034 
0.231105 
-0.0202759 
0.174268 
-0.0328683 
-0.0609348 
0.040169 
-0.0403667 
-0.044569 
-0.0648849 
-0.00670893 
-0.00803645 
0.0432216 
-0.0333539 
-0.0582001 
0.0148383 
-0.0289604 
-0.0439618 
-0.0488031 
-0.043391 
0.00748834 
-0.0363236 
0.229467 
-0.0498771 
-0.0343918 
-0.0432095 
-0.0389792 
-0.0380306 
-0.0365263 
0.223328 
-0.0478316 
-0.0256695 
-0.00390394 
-0.0454504 
0.105714 
-0.0410752 
0.00130224 
-0.0288211 
-0.0440765 
0.00920538 
-0.0461568 
0.0288307 
-0.0450641 
-0.0394247 
-0.0209186 
-0.0364226 
-0.0247817 
-0.039862 
-0.0120286 
-0.0304686 
-0.0185904 
0.014006 
-0.00458844 
-0.0357595 
0.0806632 
0.00072358 
-0.0143428 
-0.0355467 
0.00424597 
-0.0359818 
-0.0268394 
0.00616155 
-0.034907 
0.0441805 
-0.033457 
-0.0114116 
-0.0300487 
-0.0187708 
-0.00659407 
-0.0292174 
0.10389 
-0.0104496 
-0.014125 
0.028585 
-0.0328934 
-0.0156689 
-0.0383638 
0.314358 
0.00814023 
-0.0206483 
-0.0450613 
-0.0362108 
-0.0309125 
-0.0259408 
0.0149506 
0.0237667 
-0.0113855 
-0.0189765 
-0.0349085 
-0.0171475 
0.264038 
-0.0193858 
-0.0310506 
-0.0401048 
-0.0411593 
-0.0347533 
-0.0167484 
-0.0313429 
0.00490921 
-0.0223021 
-0.0281315 
-0.000107809 
0.00697857 
-0.0205171 
0.265237 
-0.0418428 
-0.035809 
-0.011223 
0.0202087 
0.05715 
-0.0330619 
0.0655625 
-0.02945 
-0.0349674 
-0.01465 
0.0749732 
-0.0389504 
-0.0317847 
0.106897 
-0.0258144 
0.00264737 
-0.0362441 
-0.0264881 
-0.0171644 
-0.0281657 
-0.0263235 
-0.0325092 
0.212301 
0.0473813 
-0.0405289 
-0.0274334 
-0.0370025 
-0.00807197 
-0.0377612 
-0.0365541 
0.249209 
-0.0444673 
-0.0394159 
-0.0399433 
-0.030857 
0.0145263 
-0.041312 
0.478703 
-0.0226214 
-0.0310834 
0.014173 
-0.0462258 
-0.0382817 
-0.0410916 
-0.0341282 
0.0585069 
-0.0245359 
0.00217612 
-0.0420206 
0.100982 
-0.0133097 
0.00765537 
-0.0396353 
0.00423187 
-0.0302518 
-0.0409107 
-0.0332835 
-0.0169216 
-0.0312045 
-0.0334889 
-0.0464219 
-0.0125951 
-0.0205634 
0.0544403 
-0.0301235 
-0.0254241 
-0.00964357 
-0.00740946 
-0.0263559 
-0.0359275 
-0.0181568 
-0.00818289 
-0.0346929 
-0.0349048 
-0.0108061 
0.313216 
0.0533401 
-0.0214507 
-0.032884 
0.00171647 
0.0286915 
-0.0173676 
0.0142795 
-0.0387544 
-0.018701 
0.00851443 
0.260042 
-0.0220323 
-0.043256 
-0.00781787 
-0.031939 
0.0612307 
-0.0488709 
-0.0047533 
0.00549249 
-0.0329136 
0.0130442 
0.159738 
0.00923908 
-0.0263361 
0.261492 
-0.0480869 
-0.0625966 
-0.0280557 
-0.05957 
-0.0523249 
-0.0049678 
-0.0245315 
-0.0329062 
0.064356 
-0.00990571 
-0.0575552 
-0.0282579 
-0.0256966 
0.320602 
-0.0477835 
0.0927125 
-0.0129049 
-0.00118476 
-0.0523725 
-0.030447 
-0.0450787 
-0.0362824 
-0.0522301 
0.0467601 
0.225121 
0.0361648 
0.00106131 
0.0105094 
-0.042214 
0.00885412 
-0.0361058 
-0.0272246 
0.232659 
-0.0450871 
-0.0293837 
-0.00958516 
-0.0492574 
-0.000696508 
-0.0566129 
0.462089 
-0.0399792 
-0.0566824 
-0.0168192 
-0.0444259 
-0.0443257 
-0.05287 
-0.0571505 
-0.0102727 
-0.029114 
-0.00746833 
******************************************************

trainingErrorofBestEpoch
2.83283e-05 
0.00219636 
-0.000683484 
0.00164686 
0.00145205 
-0.0522709 
0.00814274 
0.0124714 
0.0153086 
-0.00422341 
0.0193128 
0.0146113 
0.000747063 
-0.02128 
-0.0174739 
-0.00998744 
0.00169135 
0.0151767 
-0.00410674 
-0.0114608 
0.0152416 
-0.00169757 
0.003508 
-0.0132006 
0.0668234 
0.0485021 
-0.0268066 
0.30224 
-0.0395534 
-0.0324421 
0.0070207 
-0.0328603 
0.00363601 
0.0522969 
-0.0184042 
-0.0260404 
0.173931 
-0.0399329 
-0.0276534 
-0.0180717 
-0.0482772 
0.0071317 
0.36223 
-0.0428184 
-0.00157452 
-0.0483996 
-0.0272975 
-0.0347865 
-0.0474336 
-0.0341605 
0.219914 
-0.0376301 
-0.0205211 
-0.0440806 
-0.0308251 
-0.0112715 
0.399323 
-0.0443866 
-0.0551883 
-0.0522867 
-0.0540523 
-0.0484047 
0.000358617 
0.0126408 
0.0357838 
-0.0224945 
-0.0307862 
-0.0353583 
-0.0482177 
-0.0457479 
-0.0376989 
-0.0349629 
-0.0445871 
-0.0239259 
0.233935 
0.0125574 
-0.0364307 
-0.0460072 
-0.0143834 
-0.0431275 
-0.0399645 
0.220143 
-0.0255466 
-0.0463023 
0.0301964 
-0.0489034 
0.103899 
-0.0506398 
0.00326873 
-0.0525355 
-0.0401158 
0.00103223 
0.0039619 
0.0295184 
0.00141938 
-0.032976 
-0.023092 
-0.0372772 
-0.0285739 
-0.0419978 
0.288812 
-0.0586384 
-0.0470648 
-0.00830927 
-0.0174179 
-0.0473554 
-0.0251009 
-0.0144638 
-0.0107904 
-0.0336081 
-0.0159423 
-0.0525054 
0.194783 
-0.0084965 
-0.0193443 
0.020375 
-0.0515184 
-0.0484152 
-0.0480918 
-0.0447118 
-0.0423497 
-0.0288708 
0.0952929 
-0.0187853 
0.232126 
0.0152377 
-0.0279817 
-0.0181907 
0.0225003 
-0.0563687 
-0.00240481 
-0.0431312 
-0.0508282 
-0.0129734 
-0.0405682 
-0.0201138 
-0.046477 
0.00761122 
-0.0454295 
-0.0335696 
-0.0206945 
-0.0377332 
0.22033 
-0.0390737 
-0.00477289 
0.371513 
0.165297 
-0.0596662 
-0.0619839 
-0.0467372 
-0.0454788 
-0.0576959 
-0.0516805 
-0.0492922 
-0.00824936 
-0.023952 
0.243168 
-0.0247649 
0.161141 
-0.0355232 
-0.0378973 
0.0343068 
-0.04671 
-0.0511767 
-0.055871 
-0.00182962 
-0.0265169 
0.0372038 
-0.0308777 
-0.0493349 
0.0166001 
-0.0312559 
-0.0485835 
-0.0397714 
-0.0375875 
-0.00221177 
-0.0383488 
0.199916 
-0.0710449 
-0.0452572 
-0.0498853 
-0.04311 
-0.0418329 
-0.0360623 
0.216814 
-0.0492167 
-0.0444723 
-0.0220466 
-0.0472695 
0.0997179 
-0.0403543 
-0.00709034 
-0.0252083 
-0.0314287 
0.00472034 
-0.0473804 
0.0315322 
-0.0436737 
-0.0410576 
-0.0209765 
-0.0349929 
-0.0184853 
-0.0500071 
-0.0170659 
-0.0436946 
-0.0319743 
0.00648845 
-0.0122337 
-0.0444295 
0.0338943 
-0.0277372 
-0.0176464 
-0.039438 
-0.000412413 
-0.0381335 
-0.0259144 
0.00563007 
-0.0367095 
0.045584 
-0.0367405 
-0.015233 
-0.0296561 
-0.039194 
-0.0247935 
-0.0284138 
0.0962772 
-0.00250388 
-0.0046968 
0.023597 
-0.0370116 
-0.0194588 
-0.0380778 
0.321185 
0.0105229 
-0.0151169 
-0.0407529 
-0.0410888 
-0.0311488 
-0.0271632 
0.0134022 
0.0279507 
-0.0268503 
-0.0279243 
-0.0438357 
-0.0232139 
0.215827 
-0.0584119 
-0.017078 
-0.0248547 
-0.0257306 
-0.0257564 
-0.011297 
-0.0229302 
0.0125151 
-0.0166501 
-0.0179325 
0.00646735 
0.0189274 
-0.046824 
0.230587 
-0.0224867 
-0.0307944 
-0.0244207 
0.012966 
0.0457118 
-0.0452622 
0.0762112 
-0.023194 
-0.0240129 
-0.0126555 
0.0810883 
-0.0292397 
-0.0332146 
0.111798 
-0.0165629 
0.008833 
-0.0160611 
-0.0592873 
-0.0469767 
-0.0253749 
-0.0164138 
-0.0669944 
0.170191 
0.0701848 
-0.0207954 
-0.00802392 
-0.02856 
0.00135273 
-0.0246818 
-0.0272859 
0.256452 
-0.0292408 
-0.0223344 
-0.0224257 
-0.0497864 
-0.0138535 
-0.0277436 
0.479245 
-0.0452959 
-0.0327345 
0.010329 
-0.037239 
-0.0165661 
-0.0375628 
-0.0342176 
0.0565693 
-0.0275929 
0.00399309 
-0.0416458 
0.108571 
-0.00784918 
0.0204592 
-0.0248991 
-0.0420036 
-0.0654086 
-0.0343433 
-0.0254458 
-0.0475731 
-0.0488306 
-0.0354118 
-0.0366182 
-0.041127 
-0.0369774 
0.0227885 
-0.0392012 
-0.039517 
-0.0400211 
-0.0349099 
-0.0376564 
-0.0311393 
-0.0144997 
-0.0206061 
-0.0304518 
-0.033141 
-0.0191485 
0.308989 
0.0385332 
-0.0234112 
-0.0407834 
0.00904808 
0.0224968 
-0.0342254 
0.0103538 
-0.0410796 
-0.0289245 
0.0034394 
0.255486 
-0.0262466 
-0.0159168 
-0.0119737 
-0.0173085 
0.0634635 
-0.0566425 
-0.0364401 
-0.0223824 
-0.0213773 
0.0150697 
0.200245 
0.0484507 
-0.00163079 
0.260718 
-0.0278942 
-0.00118813 
0.0173586 
-0.0238331 
-0.0536284 
0.0470758 
-0.0102515 
-0.0134826 
0.0569712 
-6.04952e-05 
-0.018293 
-0.00847607 
-0.0390916 
0.31089 
-0.023227 
0.105904 
-0.00381216 
-0.0157866 
-0.0489141 
-0.0238246 
-0.0275306 
-0.0251454 
-0.0198053 
0.0349484 
0.224252 
0.046891 
0.0243373 
-0.0498803 
-0.0274496 
0.0176376 
-0.00543181 
-0.0572537 
0.227388 
-0.0499122 
-0.0138829 
-0.00784634 
-0.0507241 
-0.00108603 
-0.0565625 
0.456247 
-0.0238917 
-0.0503464 
-0.00409496 
-0.0556045 
-0.041567 
-0.0483225 
-0.0587768 
-0.00505568 
-0.0222943 
-0.0159131 
******************************************************

trainingErrorofBestEpoch
2.67997e-05 
0.00583848 
-0.00547862 
0.000465547 
0.000726296 
-0.0167394 
-0.00995122 
0.0143019 
0.00298072 
-0.0151939 
0.0332552 
-0.00460914 
-0.00737038 
-0.0169243 
-0.0166871 
0.0161736 
0.000642133 
0.0177432 
0.000365758 
-0.00359755 
0.0223135 
-0.0363949 
-0.000205266 
-0.0146028 
0.0681062 
0.0548748 
-0.0215417 
0.314523 
-0.0397024 
-0.0225092 
0.0104837 
-0.0220982 
0.00695363 
0.0542395 
-0.0219585 
-0.0323843 
0.169109 
-0.0358135 
-0.0338539 
-0.0152485 
-0.0513587 
0.00859717 
0.352437 
-0.0471794 
-0.00950703 
-0.0570525 
-0.0339093 
-0.0420967 
-0.0508397 
-0.0391247 
0.213105 
-0.0452543 
-0.0273611 
-0.0490076 
-0.037147 
-0.0160989 
0.389598 
-0.0526697 
-0.0621933 
-0.0594497 
-0.0595854 
-0.0539492 
-0.00437023 
0.00838487 
0.0319179 
-0.0262408 
-0.0340564 
-0.0398963 
-0.0533535 
-0.0501208 
-0.0383987 
-0.0379845 
-0.0479718 
-0.0272413 
0.229904 
0.0105313 
-0.0386917 
-0.0475979 
-0.0179891 
-0.0450484 
-0.0418473 
0.219957 
-0.0273899 
-0.0482853 
0.0295963 
-0.0502111 
0.102132 
-0.0522941 
0.00205786 
-0.05136 
-0.0403654 
0.000358783 
0.0017022 
0.0274595 
0.00245271 
-0.0336404 
-0.0246116 
-0.0376406 
-0.0290015 
-0.0402644 
0.304561 
-0.0556443 
-0.0452033 
-0.012568 
-0.0244531 
-0.0487075 
-0.0235041 
-0.0167118 
-0.0138349 
-0.035895 
-0.00952085 
-0.0469539 
0.20204 
-0.00653038 
-0.0160055 
0.0248851 
-0.0491097 
-0.0426827 
-0.033352 
-0.041038 
-0.0423555 
-0.0302762 
0.0914052 
-0.0189576 
0.228038 
0.0155286 
-0.0309549 
-0.021197 
0.017515 
-0.0590954 
0.00585442 
-0.0411729 
-0.0521064 
-0.0148332 
-0.0406603 
-0.0195894 
-0.0447338 
0.00666132 
-0.0449947 
-0.033373 
-0.02416 
-0.0374424 
0.216973 
-0.0395512 
-0.00501452 
0.36802 
0.160238 
-0.0636744 
-0.0547405 
-0.0465033 
-0.0475609 
-0.0618575 
-0.0543479 
-0.0471057 
-0.0101152 
-0.0302568 
0.226104 
-0.022059 
0.164715 
-0.0352082 
-0.0459677 
0.0349974 
-0.0393484 
-0.0472475 
-0.0578277 
-0.00740562 
-0.0285142 
0.0367606 
-0.0348622 
-0.0544584 
0.0129359 
-0.0315154 
-0.0499873 
-0.0493424 
-0.0415929 
0.00214661 
-0.0327439 
0.208383 
-0.0633338 
-0.0409795 
-0.0469407 
-0.0421867 
-0.0413042 
-0.0311684 
0.221461 
-0.0486639 
-0.0347803 
-0.0114913 
-0.0515397 
0.102856 
-0.0438794 
0.00399903 
-0.0334987 
-0.0425105 
0.00310523 
-0.0484159 
0.0281915 
-0.0490259 
-0.0415512 
-0.0214993 
-0.0369616 
-0.0281007 
-0.0443672 
-0.0149084 
-0.0338019 
-0.0310837 
0.00362899 
-0.0103573 
-0.0392004 
0.0535762 
-0.0142931 
-0.0129935 
-0.035234 
0.00565347 
-0.0367079 
-0.0285171 
0.00531892 
-0.0338216 
0.0472608 
-0.0299572 
-0.00707326 
-0.0273824 
-0.0282206 
-0.0287148 
-0.0312502 
0.0948189 
-0.00824529 
-0.014773 
0.0301006 
-0.0350338 
-0.0193069 
-0.0377646 
0.31721 
0.00909312 
-0.0196847 
-0.048013 
-0.036273 
-0.0302479 
-0.0265838 
0.0159406 
0.0230208 
-0.0329172 
-0.0281012 
-0.0338791 
-0.0180219 
0.228358 
-0.0387661 
-0.0148805 
-0.0206695 
-0.0228246 
-0.0241068 
-0.0081104 
-0.0181699 
0.0143284 
-0.0131298 
-0.0112823 
0.018876 
0.0204055 
-0.0388128 
0.208322 
-0.0275017 
-0.025308 
-0.0355983 
0.00555426 
0.0551955 
-0.0486947 
0.0783775 
-0.0238915 
-0.023409 
-0.0131822 
0.0794584 
-0.0321789 
-0.0367632 
0.107856 
-0.0138268 
0.00473428 
-0.0218709 
-0.0646605 
-0.045054 
-0.0189628 
-0.0119877 
-0.0602971 
0.180709 
0.0745678 
-0.0169248 
-0.00378459 
-0.0259313 
0.00153219 
-0.0222233 
-0.0235223 
0.254334 
-0.0232359 
-0.0127412 
-0.0204219 
-0.0357173 
-0.0263622 
-0.0276892 
0.481432 
-0.0429277 
-0.0298534 
-0.000277384 
-0.0548941 
-0.0285531 
-0.0362641 
-0.0348892 
0.0512807 
-0.0313109 
-0.00275682 
-0.0488913 
0.107082 
-0.0136394 
0.0192721 
-0.0304418 
-0.0532065 
-0.038086 
-0.0326819 
-0.0250337 
-0.0463298 
-0.0420158 
-0.0287185 
-0.0318206 
-0.024693 
-0.0322884 
0.0112282 
-0.0490793 
-0.0521913 
-0.0479979 
-0.0454837 
-0.040513 
-0.0265897 
-0.00618116 
-0.0229439 
-0.0355242 
-0.0328255 
-0.0182557 
0.320169 
0.0503126 
-0.0254908 
-0.0345803 
-0.00950418 
0.028151 
-0.0307845 
0.0098341 
-0.0387078 
-0.0331264 
0.00182671 
0.251452 
-0.0429486 
-0.0423415 
-0.0346252 
-0.0198529 
0.0645572 
-0.0473539 
-0.0121734 
0.00594604 
-0.0303015 
0.00660888 
0.191143 
0.0773973 
0.0227667 
0.28976 
-0.0198345 
0.0141031 
0.032911 
-0.0119667 
-0.0277548 
0.0449606 
-0.00757518 
0.00121374 
0.0514747 
0.00307291 
-0.0063704 
-0.00230234 
-0.0412128 
0.300796 
-0.00235548 
0.114404 
0.0248418 
-0.0100269 
-0.0405018 
-0.0270283 
-0.0269109 
-0.0303793 
-0.0110519 
0.0176176 
0.217139 
0.0514379 
0.0357268 
-0.0604187 
-0.0323063 
0.0154795 
-0.00264456 
-0.0517574 
0.218293 
-0.0443977 
-0.0108621 
0.00253374 
-0.0443018 
0.00448009 
-0.0542285 
0.453774 
-0.00585343 
-0.0547057 
-0.0200982 
-0.0526425 
-0.0332319 
-0.0563432 
-0.0734874 
-0.0211866 
-0.0301934 
-0.00859344 
******************************************************

trainingErrorofBestEpoch
2.67425e-05 
0.00120695 
-0.000385105 
0.00408254 
0.0206814 
-0.0440403 
0.00538727 
0.0182242 
0.00283601 
-0.0122659 
0.0141099 
0.0204468 
0.0105561 
-0.0119342 
-0.00901173 
0.00675156 
-0.00990515 
0.0132463 
-0.000832722 
-0.00961383 
0.0166743 
-0.0208218 
0.00448754 
-0.00521504 
0.0733144 
0.0595431 
-0.0216248 
0.300343 
-0.0300569 
-0.0231112 
0.0115742 
-0.0319505 
0.0213627 
0.05766 
-0.016901 
-0.0283537 
0.166877 
-0.0332082 
-0.0201925 
-0.0131926 
-0.0549433 
-0.000842539 
0.333897 
-0.0630259 
-0.0272838 
-0.0730319 
-0.0423038 
-0.0549145 
-0.0561482 
-0.0485299 
0.207196 
-0.0502457 
-0.0354863 
-0.0593381 
-0.0395545 
-0.0206525 
0.385564 
-0.0568266 
-0.0636569 
-0.061536 
-0.0660854 
-0.0571246 
-0.0086636 
0.00256369 
0.0224812 
-0.0317511 
-0.036572 
-0.0442262 
-0.0568528 
-0.0538846 
-0.0426019 
-0.0402575 
-0.0487302 
-0.0297316 
0.226301 
0.00585284 
-0.0408939 
-0.049126 
-0.0182573 
-0.0486986 
-0.0407574 
0.214536 
-0.0282842 
-0.0459805 
0.0243994 
-0.0505904 
0.100585 
-0.0499409 
-0.00125726 
-0.0513056 
-0.0382244 
-0.000259213 
-0.0049207 
0.0195929 
0.00274139 
-0.0330592 
-0.025915 
-0.0387354 
-0.0285276 
-0.0374878 
0.315509 
-0.0542579 
-0.042367 
-0.0119451 
-0.0220445 
-0.049252 
-0.0221589 
-0.0146433 
-0.0148518 
-0.0316498 
-0.0107217 
-0.0426543 
0.206296 
-0.00274981 
-0.0148152 
0.0256136 
-0.0479349 
-0.0382402 
-0.0235944 
-0.0446886 
-0.0398952 
-0.0191309 
0.0934433 
-0.0210455 
0.219841 
0.0117427 
-0.0268497 
-0.0191862 
0.0159659 
-0.0603132 
0.0162043 
-0.0365059 
-0.0512361 
-0.0153968 
-0.0387615 
-0.0145244 
-0.0414222 
0.00858426 
-0.0343314 
-0.0276145 
-0.0203832 
-0.040931 
0.205611 
-0.0361352 
0.00619186 
0.376253 
0.151392 
-0.0635027 
-0.041858 
-0.0404526 
-0.0500184 
-0.0657468 
-0.050011 
-0.0472529 
-0.0060493 
-0.0201033 
0.240407 
-0.0161782 
0.169099 
-0.0336056 
-0.0539905 
0.0293858 
-0.0473941 
-0.0476548 
-0.0563194 
-0.00168199 
-0.00796285 
0.0408594 
-0.0332151 
-0.0508016 
0.0147529 
-0.0281471 
-0.0474875 
-0.0400086 
-0.0258193 
0.00814001 
-0.0346758 
0.209943 
-0.0588863 
-0.0425065 
-0.050898 
-0.0429973 
-0.0409609 
-0.039649 
0.218911 
-0.0496044 
-0.0246659 
-0.0143694 
-0.0500834 
0.101636 
-0.0360645 
0.00864343 
-0.0301771 
-0.0382095 
0.00920817 
-0.049717 
0.0261908 
-0.0472254 
-0.0434354 
-0.0219724 
-0.0353891 
-0.0175946 
-0.0367747 
-0.0182292 
-0.0411944 
-0.0339898 
0.00958332 
-0.00807083 
-0.0362944 
0.0685689 
0.0019417 
-0.0174765 
-0.0337225 
0.0033883 
-0.0333111 
-0.0269833 
0.00545193 
-0.0333545 
0.0444498 
-0.0299408 
-0.00869543 
-0.0281411 
-0.0264217 
-0.0244215 
-0.0268477 
0.106383 
-0.0104069 
-0.0142023 
0.0307568 
-0.0302864 
-0.0161772 
-0.0382165 
0.310745 
0.00625421 
-0.0227924 
-0.0476697 
-0.0369031 
-0.0318302 
-0.0230643 
0.00791619 
0.0215408 
-0.0301446 
-0.0237751 
-0.0266024 
-0.0147333 
0.26023 
-0.0184182 
-0.0120521 
-0.0225649 
-0.0252774 
-0.0248649 
-0.00859583 
-0.018357 
0.0148367 
-0.014071 
-0.0101141 
0.018229 
0.0231034 
-0.023495 
0.23049 
-0.0207295 
-0.0241144 
-0.0165157 
0.00406604 
0.050405 
-0.0327689 
0.0753221 
-0.0194215 
-0.0208516 
-0.0146545 
0.0751909 
-0.0318645 
-0.0403143 
0.108367 
-0.0116686 
0.00189586 
-0.0189832 
-0.0669028 
-0.0311472 
-0.0171876 
-0.00876349 
-0.0423463 
0.213743 
0.0717688 
-0.0158861 
-0.00532558 
-0.0281054 
0.00162656 
-0.0220373 
-0.0273367 
0.247318 
-0.0245587 
-0.0193016 
-0.024998 
-0.0306284 
-0.0308971 
-0.0301108 
0.454793 
-0.0249812 
-0.00185084 
0.0169752 
-0.0189523 
-0.0307447 
-0.0374155 
-0.0355266 
0.0508537 
-0.0287619 
-0.00331364 
-0.0541807 
0.0797121 
-0.0193614 
0.0126099 
-0.0403854 
-0.0546046 
-0.0490818 
-0.0367585 
-0.0355768 
-0.0105168 
-0.0189457 
-0.00510798 
0.00131955 
-0.0449963 
-0.0735204 
-0.0156458 
-0.0709394 
-0.0632256 
-0.0556266 
-0.0431296 
-0.0273071 
-0.0158327 
-0.00265279 
-0.0154654 
-0.0281567 
-0.00544914 
-0.031591 
0.307255 
0.0531056 
-0.0348933 
-0.0166126 
0.0298772 
0.0169362 
-0.031271 
0.0171385 
-0.034349 
-0.0268014 
0.0106677 
0.266077 
-0.0236178 
-0.0257678 
-0.0184681 
-0.0213694 
0.05878 
-0.0449473 
0.00260464 
0.0286014 
-0.0228987 
0.0138702 
0.210119 
0.0791331 
0.0369985 
0.306977 
-0.0170018 
0.00866959 
0.0324514 
-0.0122523 
-0.0164754 
0.0466076 
-0.0101033 
-7.64222e-05 
0.0523835 
-0.00798124 
-0.0134057 
0.00411719 
-0.0440121 
0.293342 
0.000177643 
0.116879 
0.0292479 
0.00210419 
-0.0351029 
-0.0236259 
-0.0295637 
-0.0251238 
-0.00873623 
0.0208663 
0.209453 
0.0463533 
0.0236967 
-0.0571869 
-0.0456183 
0.000320658 
0.00680712 
-0.0658248 
0.225446 
-0.0534908 
-0.00702511 
-0.00419301 
-0.0526262 
-0.00365517 
-0.0609085 
0.447235 
-0.00720476 
-0.0798678 
-0.0285287 
-0.0411208 
-0.0468015 
-0.0623732 
-0.0662174 
-0.0171872 
-0.0333558 
-0.00335219 
******************************************************

trainingErrorofBestEpoch
2.81415e-05 
0.000743468 
-0.00077423 
0.0027136 
0.00140033 
-0.0513125 
0.00486736 
0.00952323 
0.0126548 
-0.0176985 
0.0105261 
0.0302923 
0.0135152 
-0.0107355 
-0.00221689 
0.00825213 
-0.0193042 
0.0074854 
-0.00370165 
-0.00667306 
0.018549 
-0.0229058 
0.00763887 
-0.00596313 
0.0679513 
0.0530648 
-0.0282838 
0.306678 
-0.042592 
-0.0308524 
0.00224762 
-0.0351741 
-0.00489174 
0.0443411 
-0.0289481 
-0.0321854 
0.161381 
-0.0227598 
-0.0357955 
-0.00304996 
-0.0504559 
0.00570354 
0.331786 
-0.0567978 
-0.023681 
-0.0688081 
-0.0419807 
-0.0453996 
-0.0513212 
-0.0414807 
0.208368 
-0.0493529 
-0.0308052 
-0.0513552 
-0.0365143 
-0.016594 
0.383713 
-0.0518973 
-0.0649761 
-0.063661 
-0.0637202 
-0.0612928 
-0.012724 
0.00503 
0.0235739 
-0.0327176 
-0.0417608 
-0.0436598 
-0.0544066 
-0.0557287 
-0.0395512 
-0.0416966 
-0.0504367 
-0.0271705 
0.228258 
0.00999452 
-0.0442675 
-0.0502812 
-0.0149234 
-0.0401564 
-0.0435088 
0.218164 
-0.0265425 
-0.0469246 
0.030931 
-0.0490938 
0.103627 
-0.0501623 
-0.000632988 
-0.0509871 
-0.0434942 
-0.00312283 
2.80887e-05 
0.0231915 
0.00450099 
-0.0341644 
-0.0249631 
-0.0384688 
-0.0287168 
-0.0365661 
0.324319 
-0.048119 
-0.0375277 
-0.0161159 
-0.0307889 
-0.0483286 
-0.0145044 
-0.0155025 
-0.0216437 
-0.0389244 
-0.00536024 
-0.042329 
0.209082 
-0.00461777 
-0.0133436 
0.0296561 
-0.0459503 
-0.0386868 
-0.0203094 
-0.0387133 
-0.0398829 
-0.03371 
0.0877345 
-0.0202263 
0.226825 
0.0154868 
-0.0302105 
-0.0185125 
0.0224382 
-0.0544211 
0.0234251 
-0.0342355 
-0.0485786 
-0.0142913 
-0.0398437 
-0.0173369 
-0.0396322 
0.00833856 
-0.0444838 
-0.0308834 
-0.0197095 
-0.0391877 
0.207127 
-0.0470784 
-0.00803682 
0.367645 
0.163988 
-0.0544756 
-0.037616 
-0.0399266 
-0.0460976 
-0.0649148 
-0.055307 
-0.0492497 
-0.00709165 
-0.0248272 
0.23002 
-0.0223072 
0.161927 
-0.0458959 
-0.0467205 
0.0300988 
-0.0354095 
-0.0350553 
-0.0455068 
-0.0211884 
-0.00418252 
0.0404959 
-0.0368827 
-0.0586901 
0.0114942 
-0.0313804 
-0.0525811 
-0.0481466 
-0.0376664 
0.0086991 
-0.0340555 
0.215831 
-0.0585139 
-0.0388516 
-0.0501157 
-0.0399306 
-0.0442205 
-0.0370174 
0.21927 
-0.0594014 
-0.0126103 
1.58765e-05 
-0.046624 
0.104372 
-0.0413021 
0.000475764 
-0.0343803 
-0.0415443 
0.00145229 
-0.0524806 
0.0240523 
-0.0485763 
-0.0454419 
-0.0271283 
-0.0369393 
-0.0277268 
-0.0379369 
-0.0185809 
-0.0380762 
-0.0289513 
0.0107301 
-0.00622963 
-0.0394287 
0.0790451 
0.00788873 
-0.0134801 
-0.0317741 
0.00671844 
-0.0354713 
-0.0263851 
0.00804425 
-0.0329545 
0.0488585 
-0.0296525 
-0.00582828 
-0.0276661 
-0.0162688 
-0.0179019 
-0.0294609 
0.0983174 
-0.00149646 
-0.0114383 
0.0298983 
-0.0314683 
-0.015057 
-0.0373216 
0.310612 
0.00596337 
-0.0203682 
-0.0505594 
-0.0350418 
-0.0302075 
-0.0246051 
0.0132493 
0.0233762 
-0.0222797 
-0.0191204 
-0.0353628 
-0.0172466 
0.271951 
-0.00752974 
-0.0133973 
-0.0229846 
-0.022147 
-0.0262406 
-0.00872049 
-0.0185855 
0.0140945 
-0.0137322 
-0.0117962 
0.0196239 
0.0212091 
-0.0179244 
0.238942 
-0.0186109 
-0.0257231 
-0.0190175 
0.0170003 
0.0556818 
-0.0362445 
0.0796873 
-0.0275999 
-0.0221314 
-0.0162114 
0.0764878 
-0.0328519 
-0.0430656 
0.102826 
-0.0130179 
0.0145972 
-0.0133307 
-0.0501488 
-0.02016 
-0.0131087 
-0.00718636 
-0.0291669 
0.232262 
0.0806882 
-0.0164093 
-0.00623 
-0.0242115 
-0.000269334 
-0.0207829 
-0.0229469 
0.257865 
-0.0224145 
-0.0210175 
-0.0239401 
-0.00564098 
0.00219804 
-0.0200281 
0.479952 
-0.0298665 
-0.0372394 
0.0263757 
-0.0283206 
-0.0325535 
-0.0405827 
-0.0268403 
0.0516738 
-0.0272932 
0.000591758 
-0.0506143 
0.0908759 
0.00188703 
0.0178325 
-0.0448061 
-0.0416922 
-0.0370983 
-0.0299208 
-0.006481 
-0.016727 
-0.0104864 
-0.0419985 
-0.0201164 
-0.0326268 
-0.0296643 
0.0135233 
-0.0592785 
-0.0642366 
-0.0520176 
-0.0483064 
-0.0416917 
-0.0174581 
0.00287203 
-0.00218956 
-0.0284511 
-0.0330177 
-0.0173532 
0.306678 
0.0470892 
-0.0305297 
-0.0215998 
0.00761958 
0.0408479 
-0.0266019 
0.0118159 
-0.0505176 
-0.0371549 
-0.00296925 
0.256713 
-0.0118574 
-0.0536062 
-0.00281654 
-0.0273299 
0.0710283 
-0.0351162 
-0.00479425 
0.00971687 
-0.0243227 
0.00474304 
0.224887 
0.0801564 
0.0378192 
0.309204 
-0.0215098 
0.00146133 
0.0250846 
-0.0172298 
-0.0109601 
0.0276912 
-0.0153458 
0.000615538 
0.0510355 
-0.00274325 
-0.0112476 
0.00337482 
-0.0424884 
0.288009 
-0.0122478 
0.108622 
0.0292788 
0.00570401 
-0.0322324 
-0.0218815 
-0.0242562 
-0.0357977 
-0.0138737 
0.0320392 
0.208954 
0.0542548 
0.0405459 
-0.0582088 
-0.0410024 
0.0121338 
0.00864472 
-0.0669399 
0.214206 
-0.0624908 
-0.00213544 
-0.0116471 
-0.0564619 
-0.0039898 
-0.0665348 
0.450365 
-0.0220423 
-0.0460767 
-0.013312 
-0.0537427 
-0.0382681 
-0.055381 
-0.0678717 
-0.018774 
-0.026973 
-0.00551355 
******************************************************

trainingErrorofBestEpoch
2.36777e-05 
0.0032383 
-0.0034584 
0.00627865 
0.0101912 
-0.0153865 
-0.00286887 
0.0289211 
-0.0118278 
0.00339837 
0.0229122 
0.0235585 
0.0233379 
-0.0036841 
-0.00288623 
0.0128929 
-0.000817888 
0.00842523 
0.00143073 
-0.00483236 
0.0223983 
-0.0257481 
-0.00414926 
-0.0163037 
0.059425 
0.0471857 
-0.0281485 
0.311561 
-0.035438 
-0.027153 
0.00704768 
-0.0280328 
-0.0167308 
0.0474308 
-0.0259176 
-0.0368898 
0.151125 
-0.0306647 
-0.0442061 
-0.00959405 
-0.052742 
0.0151208 
0.363553 
-0.0370879 
0.002981 
-0.0460106 
-0.0238964 
-0.033488 
-0.043552 
-0.0312193 
0.22106 
-0.0384152 
-0.0190215 
-0.0429008 
-0.0292653 
-0.00619631 
0.398013 
-0.0413998 
-0.055862 
-0.053462 
-0.0536522 
-0.0483839 
-0.00113162 
0.0111963 
0.0358432 
-0.0237917 
-0.0298497 
-0.0352668 
-0.0504015 
-0.0453795 
-0.0366174 
-0.0366674 
-0.0445479 
-0.0257866 
0.230257 
0.0107841 
-0.0335398 
-0.0454956 
-0.0113969 
-0.0433868 
-0.0389882 
0.218669 
-0.0243766 
-0.0441868 
0.031444 
-0.0479879 
0.1057 
-0.0509749 
0.00910711 
-0.0530549 
-0.0472667 
-0.0029758 
0.00964231 
0.0348035 
0.00464272 
-0.0316983 
-0.0197947 
-0.0303813 
-0.0267204 
-0.0424945 
0.297749 
-0.0541863 
-0.0438203 
-0.0146843 
-0.0256578 
-0.0486617 
-0.0200811 
-0.016354 
-0.0176491 
-0.0372016 
-0.00946183 
-0.0473901 
0.198261 
-0.00783855 
-0.0164738 
0.0252945 
-0.0493863 
-0.0465362 
-0.0409501 
-0.0405395 
-0.0405522 
-0.0307928 
0.0901776 
-0.0196545 
0.230704 
0.0136324 
-0.0334968 
-0.0231825 
0.0238027 
-0.052046 
0.00103608 
-0.0424109 
-0.0500632 
-0.0115009 
-0.0392898 
-0.0211008 
-0.0443637 
0.0100378 
-0.0437241 
-0.0357412 
-0.0235744 
-0.0396484 
0.223593 
-0.0407939 
-0.00837757 
0.364387 
0.160929 
-0.0559325 
-0.056751 
-0.0466196 
-0.0448803 
-0.0583633 
-0.0517148 
-0.0501039 
-0.00817754 
-0.0291082 
0.232538 
-0.0268795 
0.161378 
-0.0343899 
-0.0371957 
0.0348069 
-0.0514135 
-0.039425 
-0.0414337 
0.00297229 
-0.0184023 
0.0419757 
-0.0336031 
-0.0486579 
0.0167618 
-0.0298971 
-0.0516772 
-0.0417537 
-0.0360611 
0.000408272 
-0.0374956 
0.205943 
-0.0657135 
-0.0442248 
-0.0535393 
-0.0449141 
-0.043431 
-0.0376655 
0.210763 
-0.0555519 
-0.041416 
-0.0252887 
-0.0467531 
0.106928 
-0.0485417 
-0.00388559 
-0.0324805 
-0.0438479 
0.00588153 
-0.0477461 
0.0306443 
-0.0529966 
-0.0422617 
-0.0215422 
-0.0464267 
-0.0324584 
-0.0420174 
-0.0208072 
-0.0385299 
-0.0329652 
0.000432261 
-0.00881052 
-0.0395573 
0.0481192 
-0.0339894 
-0.0120492 
-0.0300283 
0.00755771 
-0.034338 
-0.0254397 
0.00626662 
-0.0351851 
0.0440053 
-0.0328766 
-0.0143645 
-0.0314212 
-0.0321823 
-0.0372517 
-0.0261322 
0.105578 
-0.0147183 
-0.0115107 
0.0220659 
-0.0333475 
-0.0175241 
-0.0361469 
0.316109 
0.0106966 
-0.0151759 
-0.042583 
-0.0347304 
-0.0340591 
-0.0165814 
0.0087938 
0.01018 
-0.0368563 
-0.039551 
-0.0335995 
-0.0180598 
0.19727 
-0.0620155 
-0.0189625 
-0.024592 
-0.0283949 
-0.0251955 
-0.00800898 
-0.0195483 
0.0154075 
-0.0131792 
-0.0180392 
0.00909449 
0.019879 
-0.0476042 
0.212751 
-0.0225682 
-0.0214836 
-0.0271981 
0.00536564 
0.0552897 
-0.0447822 
0.079127 
-0.0220048 
-0.0272741 
-0.00910431 
0.0789423 
-0.0309317 
-0.0351222 
0.111959 
-0.0142922 
0.00290356 
-0.0264115 
-0.0618679 
-0.0485207 
-0.0172324 
-0.0137545 
-0.070461 
0.16772 
0.0660659 
-0.0287958 
-0.00819167 
-0.0286288 
-0.00110604 
-0.0231317 
-0.02554 
0.257562 
-0.0265311 
-0.0206149 
-0.0249894 
-0.0490217 
-0.0125382 
-0.0225062 
0.475574 
-0.0424386 
-0.0423759 
0.0170198 
-0.0444827 
-0.046544 
-0.0447721 
-0.0336189 
0.0475505 
-0.0275198 
0.00316265 
-0.0377919 
0.10158 
-0.0143782 
0.0135171 
-0.0376148 
-0.0584077 
-0.0613675 
-0.0297288 
-0.0221092 
-0.0321655 
-0.029364 
-0.0335645 
-0.0271224 
-0.0599834 
-0.0424355 
0.012924 
-0.0414093 
-0.0382485 
-0.0407604 
-0.0359924 
-0.039438 
-0.0280305 
-0.0133206 
-0.0160355 
-0.0333438 
-0.0351627 
-0.028373 
0.322075 
0.0612555 
-0.00972079 
-0.0389285 
0.00261225 
0.026389 
-0.0290926 
0.01291 
-0.0369733 
-0.0290374 
0.0027981 
0.258853 
-0.0223712 
-0.0276197 
-0.0297099 
-0.0239223 
0.0445342 
-0.0514208 
-0.0221983 
-0.0116122 
-0.0171474 
0.0163173 
0.202964 
0.0703044 
0.0122791 
0.265477 
-0.0238085 
0.00548784 
0.0239592 
-0.0195978 
-0.0457804 
0.0396327 
-0.0146148 
-0.0075797 
0.0556852 
-0.00187211 
-0.0169112 
-0.00457135 
-0.0405661 
0.31128 
-0.0116298 
0.109336 
0.0134496 
-0.0139613 
-0.0447312 
-0.0252523 
-0.0247819 
-0.0346305 
-0.019871 
0.0360631 
0.214067 
0.0394973 
0.0328865 
-0.0573969 
-0.0290393 
0.0137224 
0.00800189 
-0.0559066 
0.229129 
-0.0387865 
-0.00918082 
-0.00704775 
-0.0525089 
3.11986e-05 
-0.0557716 
0.4585 
-0.0258409 
-0.0563191 
-0.0107631 
-0.0643093 
-0.041233 
-0.0533608 
-0.056203 
-0.00410552 
-0.0320184 
-0.0139094 
******************************************************

trainingErrorofBestEpoch
2.4223e-05 
0.00379132 
-0.0068602 
0.00145392 
0.00147386 
-0.00738676 
0.0370705 
0.0195911 
-0.0216482 
-0.0171579 
0.0187023 
0.022167 
0.00803476 
-0.0179098 
-0.00582352 
-0.00180604 
-0.00522363 
0.00689756 
0.00125842 
-0.0109575 
0.0243552 
-0.024878 
-0.0108592 
-0.0236587 
0.0553285 
0.0445519 
-0.0356346 
0.303626 
-0.0368955 
-0.0316634 
0.0173353 
-0.00474628 
-0.00579679 
0.0505233 
-0.0127852 
-0.0274829 
0.166437 
-0.0537324 
-0.0458513 
-0.0375476 
-0.034247 
0.0134295 
0.358172 
-0.0417639 
-0.0067318 
-0.0509837 
-0.0296356 
-0.0401509 
-0.0486648 
-0.0372479 
0.216036 
-0.0395648 
-0.0224116 
-0.0429228 
-0.0299331 
-0.0106082 
0.394591 
-0.0468333 
-0.0539565 
-0.0502225 
-0.0565586 
-0.0557729 
-0.000941151 
0.0106528 
0.0329763 
-0.0208718 
-0.0296814 
-0.0399215 
-0.0494648 
-0.0426583 
-0.0319616 
-0.036121 
-0.0479628 
-0.0229516 
0.225472 
0.0101766 
-0.0397832 
-0.0509452 
-0.0192294 
-0.0400779 
-0.0385994 
0.218282 
-0.0238639 
-0.0485345 
0.0290537 
-0.053178 
0.105392 
-0.0534574 
0.00536733 
-0.0504631 
-0.0452315 
0.000312384 
0.00544563 
0.0259975 
0.00585622 
-0.0316602 
-0.022292 
-0.0355219 
-0.0302513 
-0.0385553 
0.311858 
-0.0533091 
-0.0443955 
-0.0155595 
-0.0237378 
-0.047201 
-0.0200524 
-0.0122109 
-0.0145294 
-0.0338939 
-0.0140043 
-0.0480286 
0.202181 
-0.00404905 
-0.0146016 
0.0266089 
-0.0454404 
-0.0383326 
-0.0274975 
-0.0364551 
-0.0402484 
-0.0285887 
0.0952952 
-0.0143324 
0.224831 
0.00616743 
-0.0313361 
-0.0227346 
0.0209612 
-0.0531048 
0.0102879 
-0.0341637 
-0.0473736 
-0.0132455 
-0.0403924 
-0.0144995 
-0.0447373 
0.00797259 
-0.0452773 
-0.0287457 
-0.0174413 
-0.0376182 
0.22164 
-0.0346675 
-0.00241883 
0.373904 
0.162061 
-0.0623053 
-0.0491739 
-0.0429679 
-0.0481013 
-0.0625968 
-0.0537441 
-0.0490316 
-0.00763842 
-0.0282535 
0.236699 
-0.0218924 
0.166853 
-0.0379767 
-0.0475529 
0.0326425 
-0.042938 
-0.0462908 
-0.0514324 
-0.00277447 
-0.0142134 
0.0429702 
-0.032553 
-0.0519778 
0.0139641 
-0.0309923 
-0.0477782 
-0.0441639 
-0.0374797 
0.00214238 
-0.0353329 
0.206584 
-0.0584409 
-0.0413219 
-0.0523577 
-0.043054 
-0.0432232 
-0.0348024 
0.217895 
-0.0499201 
-0.0238204 
-0.0119834 
-0.0470656 
0.108154 
-0.0429677 
-0.00137214 
-0.0310123 
-0.0396206 
0.00463099 
-0.0482792 
0.0290367 
-0.0448192 
-0.0446374 
-0.0229969 
-0.0396107 
-0.025432 
-0.0332581 
-0.0203952 
-0.0333017 
-0.0293922 
0.0141756 
-0.0104809 
-0.0405763 
0.0564111 
-0.0110475 
-0.0138452 
-0.0324632 
0.00449965 
-0.0352974 
-0.0261872 
0.00508277 
-0.0345404 
0.0425463 
-0.0322294 
-0.0117287 
-0.0259813 
-0.0297722 
-0.027753 
-0.0304791 
0.0974433 
-0.001638 
-0.0159303 
0.0282285 
-0.0311955 
-0.0113334 
-0.0348708 
0.315975 
0.0086819 
-0.020524 
-0.0441622 
-0.0314493 
-0.0269966 
-0.0247085 
0.00295086 
0.0203107 
-0.0237762 
-0.025334 
-0.0290397 
-0.0210656 
0.247581 
-0.0245337 
-0.0116064 
-0.0246304 
-0.0274055 
-0.0241008 
-0.0102973 
-0.0201016 
0.017053 
-0.0105212 
-0.00943694 
0.0209304 
0.0223273 
-0.0349685 
0.22015 
-0.019926 
-0.0413088 
-0.0204324 
0.0129786 
0.0533344 
-0.0351422 
0.080743 
-0.0275564 
-0.0282153 
-0.0195857 
0.0694736 
-0.0383852 
-0.0424591 
0.104702 
-0.00686662 
-0.00213158 
-0.0103153 
-0.0601062 
-0.0348093 
-0.0168155 
-0.0158242 
-0.0540866 
0.182326 
0.0797134 
-0.00725115 
0.00581005 
-0.0189983 
-0.000212607 
-0.0132201 
-0.0151631 
0.26156 
-0.0157355 
-0.0203219 
-0.0257797 
-0.038429 
-0.0263282 
-0.0177633 
0.483093 
-0.0546581 
-0.0418545 
-0.00866336 
-0.0428242 
-0.0553387 
-0.0418769 
-0.0323582 
0.0520031 
-0.0281224 
-0.00331079 
-0.054693 
0.0941468 
-0.00988455 
0.0134513 
-0.0483466 
-0.0422894 
-0.0462076 
-0.0367095 
-0.0253025 
-0.0372237 
-0.0238155 
-0.0294526 
-0.0323145 
-0.03498 
-0.0465178 
0.0120673 
-0.0533064 
-0.0514005 
-0.0490148 
-0.0408008 
-0.0374229 
-0.0236551 
-0.0033476 
-0.0114647 
-0.0316747 
-0.0307746 
-0.00831315 
0.315459 
0.0301713 
-0.0165108 
-0.0374376 
0.00355449 
0.0304506 
-0.0332076 
0.0101687 
-0.0429564 
-0.0302945 
0.00730895 
0.251184 
-0.0235606 
-0.0371871 
-0.0311391 
-0.0443848 
0.0612374 
-0.0500688 
-0.016042 
0.0108183 
-0.0237607 
0.011331 
0.19514 
0.077937 
0.0285505 
0.289952 
-0.00935051 
0.0194691 
0.0362312 
-0.00400966 
-0.0328956 
0.0607708 
0.00540192 
0.00342132 
0.0337407 
-0.00521753 
-0.0113298 
0.00664753 
-0.0355052 
0.305104 
0.0010214 
0.114281 
0.0271961 
-0.00636631 
-0.0399174 
-0.0272704 
-0.0245006 
-0.0254296 
-0.0119952 
0.0180849 
0.214265 
0.0506776 
0.0399911 
-0.0565944 
-0.0412452 
0.0158534 
0.00865897 
-0.0631542 
0.224595 
-0.0440254 
-0.00709131 
-0.00125649 
-0.0543584 
-0.000970354 
-0.0608166 
0.449934 
-0.0168862 
-0.0653833 
-0.0242591 
-0.0583005 
-0.0504122 
-0.0529278 
-0.0600855 
-0.016345 
-0.0316989 
-0.000518249 
******************************************************

trainingErrorofBestEpoch
-0.0284039 
-0.0519741 
0.00575477 
0.167604 
-0.0571967 
-0.0250634 
-0.00632483 
-0.109416 
-0.0202058 
-0.0286864 
-0.0426058 
-0.000835671 
-0.0711052 
0.00771044 
0.00973675 
0.426946 
-0.066435 
-0.0272459 
0.0661602 
0.353547 
-0.0202272 
-0.0521884 
-0.0151556 
-0.024617 
-0.051529 
-0.00422699 
0.29797 
-0.00726725 
0.00424322 
-0.0498796 
-0.0923076 
0.0127736 
-0.0811331 
0.0147527 
0.195126 
0.0158689 
0.0344609 
0.171954 
-0.0668188 
-0.0639414 
-0.0950805 
-0.011027 
-0.0116295 
-0.0204612 
-0.064157 
-0.0693928 
0.0268259 
-0.0334814 
-0.022816 
-0.0133604 
0.0559515 
0.135298 
-0.0351765 
-0.022825 
-0.0129591 
-0.0302988 
-0.0594932 
-0.0622842 
0.083937 
-0.0528546 
-0.123905 
-0.0139386 
-0.0554115 
-0.0218076 
-0.02578 
0.00315409 
-0.0142195 
-0.0302745 
0.0111973 
-0.00543144 
-0.0284282 
-0.0554476 
-0.0249099 
-0.0272938 
0.0263823 
-0.00398194 
-0.00120646 
-0.0438059 
-0.0222264 
-0.0292111 
-0.0396733 
-0.0223382 
-0.0247204 
0.122319 
0.0239693 
-0.0189015 
-7.35098e-05 
-0.0224354 
-0.0285007 
-0.0134267 
0.00374887 
-0.000725171 
-0.0223361 
-0.0162958 
-0.000292744 
-0.0194513 
-0.0148619 
0.0238243 
0.0136903 
-0.00511782 
0.0129478 
0.0229919 
-0.00110177 
-0.0102604 
-0.0452564 
-0.039952 
0.011286 
0.301604 
-0.00793204 
0.00714849 
-0.00738324 
-0.0222217 
0.0440325 
0.0017249 
-0.000664658 
0.0418368 
-0.108679 
-0.0213798 
-0.0596398 
-0.0809933 
-0.00322667 
-0.00475504 
0.0696005 
-0.0387175 
-0.0102378 
-0.0232728 
-0.034684 
0.060042 
-0.025797 
0.0742182 
-0.0380706 
0.0549395 
0.0214365 
-0.0277655 
-0.0244558 
-0.0348139 
0.00951863 
0.0274788 
-0.0288557 
0.0152202 
-0.012972 
-0.0659884 
-0.0121833 
-0.0310011 
-0.0348098 
-0.0294206 
0.108061 
-0.0327239 
-0.0202363 
0.149657 
-0.0438985 
-0.0320914 
-0.0106702 
-0.0395145 
-0.0612651 
0.00712416 
-0.0348278 
0.0634125 
-0.0256945 
0.0102654 
-0.0990071 
0.00146994 
-0.00342833 
0.00251483 
0.0661123 
-0.047516 
0.0150276 
-0.0105316 
0.265359 
-0.0331774 
0.000788726 
-0.00913947 
-0.0425575 
0.00537481 
-0.0247192 
-0.0572492 
0.0100716 
-0.0429148 
0.0313052 
-0.0167696 
-0.0469797 
-0.0490577 
-0.00926838 
-0.0343773 
-0.0488141 
-0.026039 
0.155716 
-0.00753375 
0.0255645 
-0.0157902 
-0.0418261 
-0.0495072 
-0.0412193 
-0.0122741 
-0.0131262 
0.218193 
-0.0326093 
-0.00410749 
-0.00560499 
0.013273 
0.0650351 
0.0202076 
-0.0287663 
0.00164165 
-0.0192897 
-0.0174392 
0.00375655 
-0.0362475 
-0.0240223 
-0.00735264 
0.011398 
0.151871 
0.0485737 
-0.03188 
-0.0251344 
-0.0063307 
-0.0365075 
-0.0511191 
-0.00899617 
0.286523 
-0.0158995 
0.0146155 
-0.0409278 
0.0140202 
0.155742 
0.000290458 
-0.0668684 
-0.0150022 
0.0244665 
0.224025 
-0.0554763 
-0.0233767 
-0.0568889 
0.00662064 
0.0887809 
0.0102652 
-0.0581578 
-0.0144654 
-0.0062608 
-0.0161293 
0.0232268 
0.00896669 
0.0310612 
-0.0274647 
-0.0207088 
0.216277 
-0.0158301 
-0.049528 
0.0614533 
-0.0134345 
0.00225794 
-0.0227125 
-0.0162997 
-0.0282538 
-0.0388553 
0.0332612 
0.0533528 
-0.0244106 
-0.0337563 
0.0160973 
-0.0432199 
-0.0236769 
-0.0330471 
0.00860623 
-0.0389253 
-0.0336238 
-0.0454513 
0.109515 
-0.0520291 
-0.0413583 
-0.0189879 
-0.0394309 
-0.0179247 
-0.00167585 
0.0128909 
-0.0325543 
0.0216147 
0.0064152 
-0.0451461 
-0.00721465 
-0.0035144 
-0.112592 
-0.0369716 
0.0379087 
0.000414977 
-0.032112 
-0.0134662 
-0.027302 
-0.00299604 
-0.020604 
-0.0285433 
-0.0271232 
0.0141673 
-0.007293 
-0.0128777 
0.192598 
0.0895969 
-0.0346245 
-0.0753766 
-0.0222855 
-0.0782136 
-0.00227137 
-0.0337519 
-0.011343 
0.0310242 
0.243671 
-0.015766 
-0.0255452 
-0.00488541 
0.023129 
-0.0235017 
0.00887918 
-0.0338268 
-0.0247361 
0.00965319 
0.0926505 
-0.00771008 
-0.0424331 
-0.00128556 
-0.0284585 
-0.0458675 
-0.00556776 
0.0604623 
-0.0473826 
-0.0324209 
-0.0257728 
-0.0374045 
0.00154712 
-0.0302768 
0.0326692 
0.0183525 
0.251711 
-0.0326488 
0.0435322 
-0.0402251 
-0.0111378 
-0.0270101 
-0.0240884 
-0.0165073 
-0.00343816 
-0.0169899 
0.00970054 
-0.0379321 
-0.0504105 
0.126075 
0.108407 
-0.0094625 
-0.0318412 
0.0757038 
-0.0320192 
-0.00183761 
-0.048045 
-0.0239816 
0.229203 
-0.0784258 
0.0416275 
0.000608969 
-0.0204392 
-0.0525255 
0.0269223 
0.00576021 
-0.0376892 
-0.0533196 
-0.0161365 
-0.0490351 
-0.0303228 
-0.0397084 
0.00368212 
-0.0307589 
0.0146402 
-0.0117093 
-0.0499725 
-0.0246111 
-0.0420625 
0.0119065 
0.0157348 
-0.0294976 
-0.00561514 
-0.0112711 
-0.0302576 
-0.00906002 
-0.0317053 
0.00662789 
0.18296 
-0.0174481 
-0.0340656 
-0.0542332 
-0.000782503 
-0.0133308 
-0.0134529 
0.132324 
-0.0466978 
-0.0193298 
-0.0327161 
0.0186441 
0.115832 
-0.00400207 
0.00542542 
-0.0514117 
-0.0433314 
0.0439613 
-0.0243086 
-0.0733139 
-0.0469245 
0.0180152 
-0.0106556 
0.00523618 
-0.0317701 
-0.0286277 
-0.0234075 
-0.0181802 
******************************************************

trainingErrorofBestEpoch
0.107082 
-0.0039814 
-0.0287051 
-0.026552 
0.0528598 
0.0246661 
0.0550572 
-0.0375389 
-0.00150584 
0.000680351 
0.0104727 
0.0145111 
-0.0260483 
0.0296507 
-0.0353602 
-0.0239633 
-0.0183383 
-0.0103186 
0.0278566 
-0.0135654 
0.0152393 
0.0309692 
0.200654 
-0.00788108 
0.113859 
0.00092285 
-0.0530701 
-0.033598 
-0.0279651 
0.00339142 
-0.0104706 
-0.0342353 
-0.0530702 
0.23526 
-0.0254772 
-0.00170353 
0.00092678 
-0.0308403 
-0.000747537 
-0.0630693 
-0.0230058 
-0.0145212 
0.0306928 
-0.0180959 
-0.00840668 
-0.0214887 
0.062748 
-0.0328212 
-0.018899 
0.0100356 
0.0171341 
0.0272245 
-0.0248112 
0.0422754 
0.0965089 
0.0235986 
0.0718498 
-0.00922595 
0.273603 
-0.0380408 
-0.0278112 
-0.08066 
-0.0683652 
0.000248444 
0.00249067 
-0.0150643 
-0.0652655 
-0.0498896 
-0.0264978 
0.0293509 
0.0148769 
-0.00766812 
-0.00880848 
0.19562 
0.00425315 
-0.0119211 
0.0239188 
-0.0422126 
0.00396809 
-0.0425592 
-0.0493698 
-0.0157129 
0.0196763 
-0.000115375 
-0.00570353 
-0.0412834 
-0.0183168 
0.0113135 
-0.00183204 
0.131085 
-0.0133649 
-0.0301282 
0.00478424 
-0.00943171 
0.0779832 
-0.00568382 
0.00433616 
-0.0467741 
0.00677355 
0.0162099 
-0.00121007 
-0.00868408 
0.0336456 
-0.0346954 
-0.00950955 
-0.0476113 
-0.0354772 
0.00504733 
0.0205902 
-0.0139317 
-0.0103213 
0.00380881 
0.000917593 
0.0763194 
-0.0147389 
-0.0122199 
0.050163 
-0.0230887 
-0.0118103 
-0.00702245 
-0.0218943 
-0.00444549 
0.0456664 
-0.014591 
-0.00820176 
0.0150224 
-0.00682871 
-0.0247629 
0.0260814 
0.00180423 
0.13395 
-0.0476284 
-0.0494949 
-0.0306145 
0.0433925 
0.00654165 
0.00148059 
0.0163735 
0.0198139 
-0.000718476 
-0.0252063 
0.0137393 
0.0360697 
0.072666 
-0.0244875 
-0.0146653 
-0.0326101 
-0.0122059 
-0.00213186 
-0.0115222 
-0.00250884 
-0.0346047 
0.0107653 
-0.00233518 
-0.000242228 
0.00748198 
0.00908742 
-0.0349701 
-0.0245426 
0.0156174 
0.0188179 
-0.000867774 
0.0584696 
-0.00453699 
0.0560637 
-0.0150714 
-0.00335074 
0.0294582 
0.238572 
-0.0383262 
0.00427787 
-0.0168808 
-0.0129602 
-0.0291487 
-0.0114386 
-0.00697059 
0.126649 
-0.0406483 
-0.00372734 
0.0788024 
0.00743425 
-0.0452742 
-0.0153478 
0.0226545 
-0.0311644 
0.029912 
-0.0107967 
0.033846 
0.0077438 
-0.0125149 
0.000897541 
-0.0169414 
-0.0200285 
-0.000291293 
-0.0351549 
-0.0155599 
-0.025619 
-0.0323294 
0.0913979 
-0.00159324 
-0.0460163 
0.0469122 
-0.0308268 
-0.022556 
-0.0143614 
-0.0513174 
-0.0235344 
0.00972232 
-0.00095537 
-0.0405756 
-0.00795908 
-0.000146028 
0.220502 
0.339197 
-0.0105617 
-0.0121752 
0.0478513 
-0.00483036 
-0.0427503 
-0.0284975 
-0.00663314 
-0.00417338 
0.00837868 
-0.0862064 
-0.0500747 
-0.00230476 
0.00539014 
0.0214606 
-0.00150422 
0.189737 
-0.0216052 
-0.0291055 
0.0195636 
-0.0144989 
0.015957 
0.0387803 
-0.0457617 
0.00185357 
0.0264618 
0.0128213 
-0.0230405 
-0.049501 
0.348036 
-0.0875691 
-0.00785811 
-0.0423841 
-0.0156464 
-0.0332806 
-0.0645677 
-0.0547481 
0.285971 
0.00930269 
-0.0118461 
0.356218 
0.0208179 
-0.0566107 
-0.0100831 
0.00577145 
0.30811 
-0.0917823 
-0.0271224 
0.00954529 
-0.018041 
-0.121917 
-0.0636125 
-0.0463887 
0.0322175 
0.0177844 
-0.0311143 
-0.0409457 
-0.150429 
0.081711 
-0.0047002 
0.00827417 
-0.0418528 
-0.0475784 
-0.0925492 
-0.0210913 
0.00969995 
-0.0382903 
0.0519587 
-0.0439159 
0.00661395 
-0.0730665 
-0.0278407 
0.0115079 
0.0745121 
0.0219059 
0.00747903 
-0.0509708 
0.0132821 
0.0147843 
0.0083887 
-0.0346431 
0.00046122 
-0.0199298 
-0.0342992 
-0.0464117 
0.0276384 
0.00148081 
-0.00765202 
-0.00595757 
-0.0271407 
-0.0129957 
0.00621225 
0.00697245 
-0.0113355 
-0.0195364 
0.211406 
0.130948 
0.0434479 
-0.00193633 
-0.0330116 
-0.0210684 
-0.0167193 
0.0148577 
-0.0329607 
0.00602278 
0.0112669 
-0.00500157 
0.0277489 
-0.0615912 
0.0651218 
0.00691581 
0.197531 
-0.0386122 
-0.0887081 
0.13038 
-0.0860413 
-0.00174185 
-0.06182 
0.00109831 
-2.73898e-05 
-0.0239804 
-0.0344116 
0.0702959 
-0.07038 
-0.048784 
-0.0303388 
0.0601316 
0.0169394 
0.0127916 
-0.0595763 
-0.0524768 
0.0076857 
0.0100531 
0.0163741 
-0.010671 
-0.0567486 
0.261891 
-0.000911046 
0.028029 
0.0243003 
-0.00212448 
0.0333946 
-0.0595896 
-0.0223311 
0.276228 
0.0228155 
-0.00354551 
-0.0313141 
-0.0539655 
-0.0415624 
-0.00490942 
0.0123987 
0.0799071 
-0.00771822 
-7.99972e-05 
0.0311271 
0.0157605 
0.0279616 
-0.0161692 
-0.0499542 
0.0495615 
0.262057 
-0.0499798 
0.00401297 
0.0280757 
0.296597 
0.0166228 
-0.070214 
-0.0581603 
-0.0327822 
0.0595809 
-0.0267069 
-0.0744588 
-0.0129345 
-0.0102135 
0.028703 
0.031039 
0.0450137 
-0.0744938 
0.000270114 
-0.0729703 
-0.0259693 
0.0460809 
0.00565891 
-0.00985225 
-0.0455968 
0.0448134 
-0.0262123 
-0.0225362 
-0.0754834 
-0.00542277 
-0.0430388 
-0.0175977 
0.0282223 
-0.0615958 
-0.0399991 
0.0053796 
0.0788319 
